	12202								13001								13101								13202								22408								22702								24603								25004-1								30907								
	dry_gas	stab_cond	res_gas	gas_sep	nestab_cond	wbp	wbhp	wthp	dry_gas	stab_cond	res_gas	gas_sep	nestab_cond	wbp	wbhp	wthp	dry_gas	stab_cond	res_gas	gas_sep	nestab_cond	wbp	wbhp	wthp	dry_gas	stab_cond	res_gas	gas_sep	nestab_cond	wbp	wbhp	wthp	dry_gas	stab_cond	res_gas	gas_sep	nestab_cond	wbp	wbhp	wthp	dry_gas	stab_cond	res_gas	gas_sep	nestab_cond	wbp	wbhp	wthp	dry_gas	stab_cond	res_gas	gas_sep	nestab_cond	wbp	wbhp	wthp	dry_gas	stab_cond	res_gas	gas_sep	nestab_cond	wbp	wbhp	wthp	dry_gas	stab_cond	res_gas	gas_sep	nestab_cond	wbp	wbhp	wthp	
01.01.2021	0.000	0.000	0.000	0.000	0.000	8.543	8.557	0.000	0.000	0.000	0.000	0.000	0.000	11.126	11.127	0.000	0.000	0.000	0.000	0.000	0.000	16.860	16.902	0.000	0.000	0.000	0.000	0.000	0.000	15.214	15.236	0.000	7447874.000	417.511	7559576.668	7302916.172	672.299	14.746	11.422	6.508	0.000	0.000	0.000	0.000	0.000	23.167	23.226	0.000	5973731.000	525.885	6093461.656	5855794.906	723.211	23.809	14.171	9.685	0.000	0.000	0.000	0.000	0.000	0.000	0.000	0.000	7920934.000	403.585	8026759.737	7753328.394	679.985	7.791	7.287	4.938	
01.02.2021	0.000	0.000	0.000	0.000	0.000	8.542	8.555	0.000	0.000	0.000	0.000	0.000	0.000	11.074	11.075	0.000	0.000	0.000	0.000	0.000	0.000	16.792	16.836	0.000	0.000	0.000	0.000	0.000	0.000	15.167	15.189	0.000	7302949.000	408.578	7412237.192	7160790.345	658.181	14.700	11.435	6.605	0.000	0.000	0.000	0.000	0.000	23.029	23.088	0.000	6019239.000	528.851	6139749.831	5899862.870	728.616	23.763	14.035	9.565	0.000	0.000	0.000	0.000	0.000	0.000	0.000	0.000	7924158.000	402.560	8029993.121	7757086.873	678.484	7.739	7.231	4.887	
01.03.2021	0.000	0.000	0.000	0.000	0.000	8.535	8.549	0.000	0.000	0.000	0.000	0.000	0.000	11.035	11.035	0.000	0.000	0.000	0.000	0.000	0.000	16.746	16.791	0.000	0.000	0.000	0.000	0.000	0.000	15.126	15.148	0.000	6764184.000	377.147	6865187.767	6632638.590	607.980	14.653	11.290	6.349	0.000	0.000	0.000	0.000	0.000	22.908	22.967	0.000	5450256.000	478.041	5559270.126	5341740.459	659.654	23.722	13.961	9.501	0.000	0.000	0.000	0.000	0.000	0.000	0.000	0.000	6930980.000	351.376	7023533.053	6785222.217	592.356	7.703	7.210	4.916	
01.04.2021	0.000	0.000	0.000	0.000	0.000	8.527	8.540	0.000	0.000	0.000	0.000	0.000	0.000	10.995	10.995	0.000	0.000	0.000	0.000	0.000	0.000	16.699	16.745	0.000	0.000	0.000	0.000	0.000	0.000	15.081	15.103	0.000	7360516.000	409.844	7470205.033	7217306.042	660.874	14.611	11.302	6.436	0.000	0.000	0.000	0.000	0.000	22.779	22.837	0.000	5995400.000	525.260	6115196.814	5875683.267	725.561	23.678	13.983	9.527	0.000	0.000	0.000	0.000	0.000	0.000	0.000	0.000	7875240.000	398.184	7980377.852	7710169.353	671.469	7.649	7.139	4.813	
01.05.2021	0.000	0.000	0.000	0.000	0.000	8.515	8.528	0.000	0.000	0.000	0.000	0.000	0.000	10.948	10.948	0.000	0.000	0.000	0.000	0.000	0.000	16.655	16.701	0.000	0.000	0.000	0.000	0.000	0.000	15.059	15.081	0.000	2653246.332	148.730	2692974.810	2601544.115	239.494	14.712	11.497	6.722	0.000	0.000	0.000	0.000	0.000	22.659	22.717	0.000	5727630.000	501.482	5841968.220	5613034.924	693.111	23.638	14.078	9.620	0.000	0.000	0.000	0.000	0.000	0.000	0.000	0.000	7480980.000	377.637	7580839.950	7324487.433	636.937	7.605	7.102	4.808	
01.06.2021	0.000	0.000	0.000	0.000	0.000	8.503	8.517	0.000	0.000	0.000	0.000	0.000	0.000	10.916	10.916	0.000	0.000	0.000	0.000	0.000	0.000	16.611	16.657	0.000	0.000	0.000	0.000	0.000	0.000	15.035	15.057	0.000	3934624.169	220.051	3993451.818	3858001.555	354.507	14.680	11.331	6.404	0.000	0.000	0.000	0.000	0.000	22.532	22.590	0.000	6340957.000	552.894	6467383.403	6213064.632	767.056	23.586	13.238	8.843	0.000	0.000	0.000	0.000	0.000	0.000	0.000	0.000	7740886.000	389.815	7844203.937	7579450.750	657.655	7.558	7.051	4.760	
01.07.2021	0.000	0.000	0.000	0.000	0.000	8.482	8.496	0.000	0.000	0.000	0.000	0.000	0.000	10.904	10.905	0.000	0.000	0.000	0.000	0.000	0.000	16.569	16.615	0.000	0.000	0.000	0.000	0.000	0.000	14.997	15.018	0.000	6983730.000	388.495	7087571.153	6847721.342	626.571	14.564	11.313	6.528	0.000	0.000	0.000	0.000	0.000	22.420	22.477	0.000	5695830.000	497.361	5809302.455	5581138.795	689.091	23.552	14.040	9.596	0.000	0.000	0.000	0.000	0.000	0.000	0.000	0.000	7380120.000	371.019	7478617.314	7226540.350	626.065	7.518	7.017	4.748	
01.08.2021	0.000	0.000	0.000	0.000	0.000	8.471	8.484	0.000	0.000	0.000	0.000	0.000	0.000	10.900	10.901	0.000	0.000	0.000	0.000	0.000	0.000	16.526	16.572	0.000	0.000	0.000	0.000	0.000	0.000	14.954	14.976	0.000	7117293.100	395.087	7222857.675	6978650.006	637.488	14.512	11.299	6.570	0.000	0.000	0.000	0.000	0.000	22.308	22.365	0.000	5814868.400	507.370	5930601.364	5697529.792	703.435	23.511	14.123	9.678	0.000	0.000	0.000	0.000	0.000	0.000	0.000	0.000	7659387.000	384.311	7761609.203	7500394.995	648.636	7.475	6.970	4.699	
01.09.2021	0.000	0.000	0.000	0.000	0.000	8.465	8.479	0.000	0.000	0.000	0.000	0.000	0.000	10.926	10.926	0.000	0.000	0.000	0.000	0.000	0.000	16.483	16.529	0.000	0.000	0.000	0.000	0.000	0.000	14.918	14.939	0.000	6283437.762	348.666	6376548.641	6160989.458	562.631	14.493	11.307	6.615	0.000	0.000	0.000	0.000	0.000	22.304	22.361	0.000	773613.655	67.880	789042.445	758180.012	93.629	23.598	14.460	9.976	0.000	0.000	0.000	0.000	0.000	0.000	0.000	0.000	6849747.898	343.483	6941164.717	6707671.692	579.767	7.463	6.956	4.687	
01.10.2021	0.000	0.000	0.000	0.000	0.000	8.479	8.492	0.000	0.000	0.000	0.000	0.000	0.000	11.049	11.050	0.000	0.000	0.000	0.000	0.000	0.000	16.443	16.489	0.000	0.000	0.000	0.000	0.000	0.000	14.902	14.923	0.000	3557230.176	198.261	3610075.294	3487805.623	319.628	14.545	11.475	6.901	0.000	0.000	0.000	0.000	0.000	22.271	22.328	0.000	1242289.965	108.669	1267071.840	1217379.897	150.319	23.608	13.308	8.904	0.000	0.000	0.000	0.000	0.000	0.000	0.000	0.000	3786588.729	190.554	3837126.794	3707688.168	321.508	7.537	7.061	4.852	
01.11.2021	0.000	0.000	0.000	0.000	0.000	8.457	8.470	0.000	0.000	0.000	0.000	0.000	0.000	10.977	10.978	0.000	0.000	0.000	0.000	0.000	0.000	16.403	16.449	0.000	0.000	0.000	0.000	0.000	0.000	14.870	14.892	0.000	6691024.500	371.223	6789988.330	6560466.099	599.048	14.454	11.434	6.935	0.000	0.000	0.000	0.000	0.000	22.144	22.201	0.000	5531656.151	483.445	5641754.183	5420336.376	669.265	23.512	14.332	9.870	0.000	0.000	0.000	0.000	0.000	0.000	0.000	0.000	7118012.300	356.818	7213010.001	6970435.713	602.296	7.445	6.975	4.798	
01.12.2021	0.000	0.000	0.000	0.000	0.000	8.432	8.446	0.000	0.000	0.000	0.000	0.000	0.000	10.917	10.917	0.000	0.000	0.000	0.000	0.000	0.000	16.365	16.411	0.000	0.000	0.000	0.000	0.000	0.000	14.836	14.857	0.000	6320088.000	350.284	6413399.009	6196700.627	565.380	14.417	11.468	7.051	0.000	0.000	0.000	0.000	0.000	22.009	22.065	0.000	5289204.000	462.201	5394359.183	5182633.323	639.912	23.465	14.704	10.206	0.000	0.000	0.000	0.000	0.000	0.000	0.000	0.000	7003086.000	350.120	7096556.092	6858402.046	591.169	7.389	6.906	4.716	
01.01.2022	0.000	0.000	0.000	0.000	0.000	8.407	8.421	0.000	0.000	0.000	0.000	0.000	0.000	10.871	10.871	0.000	0.000	0.000	0.000	0.000	0.000	16.326	16.372	0.000	0.000	0.000	0.000	0.000	0.000	14.794	14.815	0.000	7456938.400	410.144	7566672.526	7311849.932	663.112	14.349	10.937	6.004	0.000	0.000	0.000	0.000	0.000	21.900	21.956	0.000	5626831.700	490.251	5738559.890	5512773.639	680.573	23.412	14.355	9.904	0.000	0.000	0.000	0.000	0.000	0.000	0.000	0.000	7490970.200	373.811	7590957.251	7336588.735	631.303	7.363	6.861	4.631	
01.02.2022	0.000	0.000	0.000	0.000	0.000	8.375	8.389	0.000	0.000	0.000	0.000	0.000	0.000	10.855	10.856	0.000	0.000	0.000	0.000	0.000	0.000	16.287	16.333	0.000	0.000	0.000	0.000	0.000	0.000	14.750	14.771	0.000	7281128.007	399.856	7388022.139	7139379.462	646.699	14.301	10.965	6.138	0.000	0.000	0.000	0.000	0.000	21.796	21.852	0.000	5555715.003	483.542	5665906.655	5442789.636	671.893	23.365	14.430	9.977	0.000	0.000	0.000	0.000	0.000	0.000	0.000	0.000	7324268.010	365.015	7422037.348	7173586.214	616.540	7.335	6.842	4.644	
01.03.2022	0.000	0.000	0.000	0.000	0.000	8.348	8.361	0.000	0.000	0.000	0.000	0.000	0.000	10.829	10.829	0.000	0.000	0.000	0.000	0.000	0.000	16.250	16.296	0.000	0.000	0.000	0.000	0.000	0.000	14.709	14.729	0.000	6615579.992	362.456	6712485.132	6486804.796	586.520	14.255	10.889	6.034	0.000	0.000	0.000	0.000	0.000	21.700	21.756	0.000	5115178.992	444.211	5216524.293	5010739.069	618.473	23.320	14.184	9.758	0.000	0.000	0.000	0.000	0.000	0.000	0.000	0.000	6245328.992	311.084	6328699.830	6116934.550	525.476	7.319	6.854	4.726	
01.04.2022	0.000	0.000	0.000	0.000	0.000	8.320	8.334	0.000	0.000	0.000	0.000	0.000	0.000	10.806	10.807	0.000	0.000	0.000	0.000	0.000	0.000	16.208	16.254	0.000	0.000	0.000	0.000	0.000	0.000	14.664	14.685	0.000	7018151.008	384.344	7120753.757	6881389.946	621.996	14.215	10.992	6.317	0.000	0.000	0.000	0.000	0.000	21.601	21.656	0.000	5815483.006	503.679	5930564.545	5696122.882	702.938	23.269	13.846	9.453	0.000	0.000	0.000	0.000	0.000	0.000	0.000	0.000	7210339.011	358.464	7306604.279	7062487.868	605.641	7.285	6.796	4.623	
01.05.2022	0.000	0.000	0.000	0.000	0.000	8.291	8.304	0.000	0.000	0.000	0.000	0.000	0.000	10.779	10.779	0.000	0.000	0.000	0.000	0.000	0.000	16.167	16.213	0.000	0.000	0.000	0.000	0.000	0.000	14.622	14.643	0.000	6589035.990	360.605	6685192.380	6460532.097	583.665	14.179	11.051	6.494	0.000	0.000	0.000	0.000	0.000	21.505	21.560	0.000	5568129.990	481.767	5678201.609	5453563.614	672.954	23.225	13.910	9.517	0.000	0.000	0.000	0.000	0.000	0.000	0.000	0.000	6429741.000	319.507	6515589.875	6297982.264	539.849	7.270	6.820	4.742	
01.06.2022	0.000	0.000	0.000	0.000	0.000	8.262	8.275	0.000	0.000	0.000	0.000	0.000	0.000	10.757	10.758	0.000	0.000	0.000	0.000	0.000	0.000	16.124	16.170	0.000	0.000	0.000	0.000	0.000	0.000	14.581	14.601	0.000	6613374.987	361.712	6709718.195	6484292.412	585.537	14.144	11.105	6.653	0.000	0.000	0.000	0.000	0.000	21.412	21.466	0.000	5397499.993	467.690	5504108.232	5286608.064	652.425	23.190	14.520	10.068	0.000	0.000	0.000	0.000	0.000	0.000	0.000	0.000	6670064.005	331.009	6759132.949	6533628.572	559.368	7.242	6.789	4.711	
01.07.2022	0.000	0.000	0.000	0.000	0.000	8.239	8.252	0.000	0.000	0.000	0.000	0.000	0.000	10.736	10.736	0.000	0.000	0.000	0.000	0.000	0.000	16.082	16.128	0.000	0.000	0.000	0.000	0.000	0.000	14.540	14.560	0.000	6273734.010	342.867	6364966.381	6151194.073	555.127	14.108	11.126	6.743	0.000	0.000	0.000	0.000	0.000	21.316	21.370	0.000	5490383.010	474.183	5598720.150	5376926.669	663.403	23.149	13.970	9.582	0.000	0.000	0.000	0.000	0.000	0.000	0.000	0.000	3337341.633	165.764	3381899.131	3268991.124	280.094	7.281	6.818	4.708	
01.08.2022	0.000	0.000	0.000	0.000	0.000	8.210	8.223	0.000	0.000	0.000	0.000	0.000	0.000	10.729	10.730	0.000	0.000	0.000	0.000	0.000	0.000	16.038	16.084	0.000	0.000	0.000	0.000	0.000	0.000	14.497	14.517	0.000	6644661.000	361.888	6741062.039	6514995.869	586.390	14.061	10.973	6.487	0.000	0.000	0.000	0.000	0.000	21.222	21.276	0.000	5455549.000	471.268	5563118.019	5342770.398	659.200	23.118	14.279	9.864	0.000	0.000	0.000	0.000	0.000	0.000	0.000	0.000	5152.000	0.261	5220.769	5043.767	0.440	7.350	7.264	5.314	
01.09.2022	0.000	0.000	0.000	0.000	0.000	8.264	8.277	0.000	0.000	0.000	0.000	0.000	0.000	10.957	10.958	0.000	0.000	0.000	0.000	0.000	0.000	15.995	16.042	0.000	0.000	0.000	0.000	0.000	0.000	14.496	14.516	0.000	0.000	0.000	0.000	0.000	0.000	14.253	14.182	0.000	0.000	0.000	0.000	0.000	0.000	21.262	21.316	0.000	0.000	0.000	0.000	0.000	0.000	23.233	23.562	0.000	0.000	0.000	0.000	0.000	0.000	0.000	0.000	0.000	0.000	0.000	0.000	0.000	0.000	7.458	7.473	0.000	
01.10.2022	0.000	0.000	0.000	0.000	0.000	8.267	8.280	0.000	0.000	0.000	0.000	0.000	0.000	10.896	10.896	0.000	0.000	0.000	0.000	0.000	0.000	15.957	16.003	0.000	0.000	0.000	0.000	0.000	0.000	14.493	14.513	0.000	27268.002	1.502	27667.317	26734.976	2.427	14.249	11.150	6.615	0.000	0.000	0.000	0.000	0.000	21.221	21.275	0.000	615587.002	52.964	627745.721	602806.588	74.349	23.190	11.638	7.341	0.000	0.000	0.000	0.000	0.000	0.000	0.000	0.000	86605.000	4.330	87760.835	84815.772	7.310	7.492	6.898	4.337	
08.10.2022	0.000	0.000	0.000	0.000	0.000	8.256	8.269	0.000	0.000	0.000	0.000	0.000	0.000	10.875	10.875	0.000	0.000	0.000	0.000	0.000	0.000	15.941	15.988	0.000	0.000	0.000	0.000	0.000	0.000	14.488	14.509	0.000	1033967.969	56.647	1049046.392	1013776.145	91.664	14.165	10.999	6.411	0.000	0.000	0.000	0.000	0.000	21.208	21.262	0.000	593511.562	52.291	605228.859	581646.527	71.837	23.171	17.020	12.169	0.000	0.000	0.000	0.000	0.000	0.000	0.000	0.000	963638.373	48.156	976499.248	943740.100	81.314	7.438	7.020	4.972	
01.11.2022	0.000	0.000	0.000	0.000	0.000	8.174	8.187	0.000	0.000	0.000	0.000	0.000	0.000	10.803	10.803	0.000	0.000	0.000	0.000	0.000	0.000	15.901	15.949	0.000	0.000	0.000	0.000	0.000	0.000	14.463	14.484	0.000	3517047.963	192.231	3568218.055	3448371.571	311.229	14.118	10.961	6.394	0.000	0.000	0.000	0.000	0.000	21.140	21.194	0.000	2034409.325	179.153	2074557.427	1993687.819	246.231	23.154	17.005	12.157	0.000	0.000	0.000	0.000	0.000	0.000	0.000	0.000	3135485.849	156.601	3177333.100	3070789.308	264.447	7.423	7.020	5.009	
08.11.2022	0.000	0.000	0.000	0.000	0.000	8.144	8.157	0.000	0.000	0.000	0.000	0.000	0.000	10.753	10.754	0.000	0.000	0.000	0.000	0.000	0.000	15.898	15.945	0.000	0.000	0.000	0.000	0.000	0.000	14.456	14.476	0.000	1450220.468	79.013	1471270.771	1421922.592	128.019	14.071	10.903	6.335	0.000	0.000	0.000	0.000	0.000	21.116	21.169	0.000	838928.512	73.802	855476.972	822098.748	101.531	23.136	16.986	12.143	0.000	0.000	0.000	0.000	0.000	0.000	0.000	0.000	1303794.234	65.018	1321195.897	1276946.844	109.812	7.391	6.982	4.969	
01.12.2022	0.000	0.000	0.000	0.000	0.000	8.042	8.055	0.000	0.000	0.000	0.000	0.000	0.000	10.621	10.621	0.000	0.000	0.000	0.000	0.000	0.000	15.878	15.924	0.000	0.000	0.000	0.000	0.000	0.000	14.419	14.439	0.000	4754659.880	258.305	4823474.980	4661890.993	418.792	14.013	10.842	6.282	0.000	0.000	0.000	0.000	0.000	21.015	21.069	0.000	2755205.154	242.143	2809513.342	2699800.022	333.423	23.105	16.957	12.120	0.000	0.000	0.000	0.000	0.000	0.000	0.000	0.000	4195904.195	208.817	4251912.538	4109737.378	352.765	7.344	6.942	4.954	
08.12.2022	0.000	0.000	0.000	0.000	0.000	8.012	8.025	0.000	0.000	0.000	0.000	0.000	0.000	10.585	10.586	0.000	0.000	0.000	0.000	0.000	0.000	15.871	15.917	0.000	0.000	0.000	0.000	0.000	0.000	14.407	14.427	0.000	1446628.874	78.529	1467549.319	1418403.886	127.343	13.997	10.824	6.266	0.000	0.000	0.000	0.000	0.000	20.984	21.038	0.000	838427.197	73.667	854949.987	821556.141	101.461	23.096	16.948	12.114	0.000	0.000	0.000	0.000	0.000	0.000	0.000	0.000	1279298.093	63.628	1296375.265	1253047.961	107.497	7.330	6.927	4.940	
01.01.2023	0.000	0.000	0.000	0.000	0.000	7.921	7.934	0.000	0.000	0.000	0.000	0.000	0.000	10.482	10.482	0.000	0.000	0.000	0.000	0.000	0.000	15.844	15.890	0.000	0.000	0.000	0.000	0.000	0.000	14.365	14.385	0.000	4938813.627	267.514	5010062.442	4842442.498	434.025	13.948	10.781	6.239	0.000	0.000	0.000	0.000	0.000	20.883	20.936	0.000	2873283.137	252.276	2929865.883	2815356.847	347.685	23.066	16.921	12.092	0.000	0.000	0.000	0.000	0.000	0.000	0.000	0.000	4307346.148	213.899	4364851.689	4219150.763	361.437	7.293	6.895	4.930	
08.01.2023	0.000	0.000	0.000	0.000	0.000	7.896	7.908	0.000	0.000	0.000	0.000	0.000	0.000	10.454	10.454	0.000	0.000	0.000	0.000	0.000	0.000	15.836	15.882	0.000	0.000	0.000	0.000	0.000	0.000	14.353	14.373	0.000	1436515.776	77.762	1457223.493	1408482.687	126.182	13.933	10.772	6.241	0.000	0.000	0.000	0.000	0.000	20.854	20.907	0.000	837923.866	73.554	854421.266	821021.062	101.392	23.057	16.912	12.086	0.000	0.000	0.000	0.000	0.000	0.000	0.000	0.000	1256044.133	62.344	1272813.795	1230342.841	105.352	7.282	6.883	4.920	
01.02.2023	0.000	0.000	0.000	0.000	0.000	7.819	7.831	0.000	0.000	0.000	0.000	0.000	0.000	10.369	10.369	0.000	0.000	0.000	0.000	0.000	0.000	15.806	15.852	0.000	0.000	0.000	0.000	0.000	0.000	14.311	14.330	0.000	4901595.182	264.818	4972092.995	4805927.249	429.912	13.888	10.735	6.223	0.000	0.000	0.000	0.000	0.000	20.760	20.813	0.000	2871543.526	251.907	2928038.769	2813516.629	347.448	23.027	16.885	12.064	0.000	0.000	0.000	0.000	0.000	0.000	0.000	0.000	4240947.272	210.197	4297577.820	4154340.845	355.259	7.246	6.852	4.908	
08.02.2023	0.000	0.000	0.000	0.000	0.000	7.796	7.809	0.000	0.000	0.000	0.000	0.000	0.000	10.346	10.346	0.000	0.000	0.000	0.000	0.000	0.000	15.797	15.843	0.000	0.000	0.000	0.000	0.000	0.000	14.298	14.318	0.000	1428210.023	77.117	1448737.895	1400333.657	125.211	13.875	10.723	6.215	0.000	0.000	0.000	0.000	0.000	20.733	20.786	0.000	837419.729	73.450	853891.793	820488.999	101.324	23.018	16.877	12.058	0.000	0.000	0.000	0.000	0.000	0.000	0.000	0.000	1247164.725	61.785	1263819.324	1221712.081	104.431	7.236	6.837	4.888	
01.03.2023	0.000	0.000	0.000	0.000	0.000	7.734	7.747	0.000	0.000	0.000	0.000	0.000	0.000	10.281	10.281	0.000	0.000	0.000	0.000	0.000	0.000	15.769	15.815	0.000	0.000	0.000	0.000	0.000	0.000	14.262	14.281	0.000	4274366.120	230.430	4335683.768	4190922.379	374.279	13.837	10.685	6.187	0.000	0.000	0.000	0.000	0.000	20.656	20.708	0.000	2511228.234	220.142	2560592.696	2460381.661	303.831	22.992	16.853	12.039	0.000	0.000	0.000	0.000	0.000	0.000	0.000	0.000	3695567.453	183.046	3744925.763	3620173.577	309.393	7.207	6.812	4.877	
08.03.2023	0.000	0.000	0.000	0.000	0.000	7.714	7.726	0.000	0.000	0.000	0.000	0.000	0.000	10.260	10.260	0.000	0.000	0.000	0.000	0.000	0.000	15.759	15.805	0.000	0.000	0.000	0.000	0.000	0.000	14.250	14.269	0.000	1423089.388	76.680	1443490.905	1395305.456	124.564	13.824	10.674	6.181	0.000	0.000	0.000	0.000	0.000	20.630	20.683	0.000	836962.073	73.358	853411.150	820007.129	101.262	22.983	16.845	12.033	0.000	0.000	0.000	0.000	0.000	0.000	0.000	0.000	1230431.413	60.966	1246866.115	1205318.418	103.044	7.197	6.801	4.869	
01.04.2023	0.000	0.000	0.000	0.000	0.000	7.648	7.660	0.000	0.000	0.000	0.000	0.000	0.000	10.194	10.194	0.000	0.000	0.000	0.000	0.000	0.000	15.725	15.771	0.000	0.000	0.000	0.000	0.000	0.000	14.208	14.227	0.000	4860724.144	261.478	4930256.722	4765795.938	424.929	13.782	10.636	6.157	0.000	0.000	0.000	0.000	0.000	20.546	20.599	0.000	2868231.172	251.243	2924560.167	2810029.841	347.000	22.952	16.818	12.011	0.000	0.000	0.000	0.000	0.000	0.000	0.000	0.000	4174385.822	207.083	4230153.829	4089065.190	349.961	7.164	6.772	4.854	
08.04.2023	0.000	0.000	0.000	0.000	0.000	7.631	7.643	0.000	0.000	0.000	0.000	0.000	0.000	10.185	10.184	0.000	0.000	0.000	0.000	0.000	0.000	15.713	15.759	0.000	0.000	0.000	0.000	0.000	0.000	14.196	14.215	0.000	1273648.845	68.531	1291868.271	1248770.289	111.364	13.781	10.641	6.168	0.000	0.000	0.000	0.000	0.000	20.524	20.576	0.000	752613.067	65.934	767392.194	737343.321	91.052	22.949	16.815	12.009	0.000	0.000	0.000	0.000	0.000	0.000	0.000	0.000	1086826.590	53.917	1101346.179	1064612.070	91.117	7.164	6.774	4.863	
01.05.2023	0.000	0.000	0.000	0.000	0.000	7.580	7.592	0.000	0.000	0.000	0.000	0.000	0.000	10.149	10.149	0.000	0.000	0.000	0.000	0.000	0.000	15.676	15.722	0.000	0.000	0.000	0.000	0.000	0.000	14.159	14.178	0.000	4164891.473	223.877	4224377.770	4083508.597	363.890	13.751	10.621	6.166	0.000	0.000	0.000	0.000	0.000	20.459	20.511	0.000	2471947.170	216.492	2520461.341	2421742.260	299.050	22.925	16.794	11.993	0.000	0.000	0.000	0.000	0.000	0.000	0.000	0.000	3583445.881	177.886	3631325.019	3510145.533	300.597	7.147	6.755	4.843	
08.05.2023	0.000	0.000	0.000	0.000	0.000	7.564	7.576	0.000	0.000	0.000	0.000	0.000	0.000	10.138	10.138	0.000	0.000	0.000	0.000	0.000	0.000	15.665	15.711	0.000	0.000	0.000	0.000	0.000	0.000	14.149	14.167	0.000	1267313.541	68.096	1285405.277	1242548.337	110.694	13.741	10.610	6.156	0.000	0.000	0.000	0.000	0.000	20.439	20.492	0.000	752244.509	65.874	767005.342	736961.216	91.004	22.918	16.788	11.988	0.000	0.000	0.000	0.000	0.000	0.000	0.000	0.000	1087710.648	54.006	1102244.316	1065455.884	91.259	7.141	6.750	4.841	
01.06.2023	0.000	0.000	0.000	0.000	0.000	7.513	7.525	0.000	0.000	0.000	0.000	0.000	0.000	10.098	10.098	0.000	0.000	0.000	0.000	0.000	0.000	15.627	15.674	0.000	0.000	0.000	0.000	0.000	0.000	14.112	14.131	0.000	4331514.245	232.445	4393240.709	4246846.144	377.969	13.707	10.579	6.137	0.000	0.000	0.000	0.000	0.000	20.375	20.427	0.000	2578079.547	225.666	2628635.997	2525633.903	311.872	22.892	16.764	11.970	0.000	0.000	0.000	0.000	0.000	0.000	0.000	0.000	3722126.663	184.948	3771868.104	3645903.061	312.497	7.121	6.729	4.825	
08.06.2023	0.000	0.000	0.000	0.000	0.000	7.498	7.510	0.000	0.000	0.000	0.000	0.000	0.000	10.087	10.087	0.000	0.000	0.000	0.000	0.000	0.000	15.616	15.663	0.000	0.000	0.000	0.000	0.000	0.000	14.102	14.120	0.000	1262658.622	67.732	1280642.863	1237975.708	110.147	13.697	10.569	6.129	0.000	0.000	0.000	0.000	0.000	20.356	20.408	0.000	751850.474	65.803	766591.640	736549.725	90.951	22.884	16.758	11.964	0.000	0.000	0.000	0.000	0.000	0.000	0.000	0.000	1086780.876	54.013	1101304.989	1064519.425	91.260	7.115	6.723	4.818	
01.07.2023	0.000	0.000	0.000	0.000	0.000	7.449	7.461	0.000	0.000	0.000	0.000	0.000	0.000	10.049	10.049	0.000	0.000	0.000	0.000	0.000	0.000	15.580	15.627	0.000	0.000	0.000	0.000	0.000	0.000	14.067	14.086	0.000	4136498.513	221.610	4195314.281	4055615.600	360.499	13.664	10.539	6.111	0.000	0.000	0.000	0.000	0.000	20.295	20.347	0.000	2469404.311	216.032	2517791.500	2419086.573	298.709	22.859	16.735	11.947	0.000	0.000	0.000	0.000	0.000	0.000	0.000	0.000	3543666.543	176.240	3591032.144	3471020.517	297.753	7.097	6.706	4.811	
08.07.2023	0.000	0.000	0.000	0.000	0.000	7.435	7.446	0.000	0.000	0.000	0.000	0.000	0.000	10.037	10.036	0.000	0.000	0.000	0.000	0.000	0.000	15.569	15.617	0.000	0.000	0.000	0.000	0.000	0.000	14.057	14.075	0.000	1237646.589	66.328	1255236.902	1213432.859	107.889	13.655	10.586	6.219	0.000	0.000	0.000	0.000	0.000	20.276	20.328	0.000	751468.555	65.733	766190.664	736150.507	90.899	22.852	16.729	11.942	0.000	0.000	0.000	0.000	0.000	0.000	0.000	0.000	1055024.202	52.481	1069126.409	1033390.804	88.663	7.093	6.711	4.833	
01.08.2023	0.000	0.000	0.000	0.000	0.000	7.381	7.392	0.000	0.000	0.000	0.000	0.000	0.000	9.987	9.987	0.000	0.000	0.000	0.000	0.000	0.000	15.532	15.579	0.000	0.000	0.000	0.000	0.000	0.000	14.022	14.040	0.000	4223713.381	226.081	4283638.856	4141053.144	367.851	13.622	10.560	6.211	0.000	0.000	0.000	0.000	0.000	20.213	20.265	0.000	2575415.503	225.172	2625838.822	2522847.157	311.513	22.826	16.705	11.924	0.000	0.000	0.000	0.000	0.000	0.000	0.000	0.000	3646295.829	181.487	3695041.855	3571477.325	306.591	7.075	6.690	4.809	
08.08.2023	0.000	0.000	0.000	0.000	0.000	7.378	7.389	0.000	0.000	0.000	0.000	0.000	0.000	10.026	10.026	0.000	0.000	0.000	0.000	0.000	0.000	15.506	15.555	0.000	0.000	0.000	0.000	0.000	0.000	14.010	14.028	0.000	413989.991	22.247	419882.430	405882.296	36.162	13.684	10.642	6.299	0.000	0.000	0.000	0.000	0.000	20.203	20.255	0.000	253068.172	22.163	258025.469	247919.422	30.614	22.847	16.728	11.941	0.000	0.000	0.000	0.000	0.000	0.000	0.000	0.000	351579.736	17.465	356277.942	344381.942	29.511	7.127	6.751	4.874	
01.09.2023	0.000	0.000	0.000	0.000	0.000	7.397	7.409	0.000	0.000	0.000	0.000	0.000	0.000	10.146	10.146	0.000	0.000	0.000	0.000	0.000	0.000	15.445	15.496	0.000	0.000	0.000	0.000	0.000	0.000	13.994	14.012	0.000	1410324.142	75.937	1430424.107	1382688.403	123.376	13.709	10.692	6.370	0.000	0.000	0.000	0.000	0.000	20.217	20.269	0.000	867701.088	76.068	884700.494	850079.817	104.976	22.852	16.736	11.947	0.000	0.000	0.000	0.000	0.000	0.000	0.000	0.000	1233453.293	61.134	1249928.935	1208269.595	103.324	7.191	6.809	4.908	
08.09.2023	0.000	0.000	0.000	0.000	0.000	7.394	7.406	0.000	0.000	0.000	0.000	0.000	0.000	10.133	10.133	0.000	0.000	0.000	0.000	0.000	0.000	15.441	15.491	0.000	0.000	0.000	0.000	0.000	0.000	13.992	14.010	0.000	987920.646	53.049	1001967.348	968569.442	86.246	13.663	10.635	6.311	0.000	0.000	0.000	0.000	0.000	20.216	20.268	0.000	607221.165	53.175	619111.661	594861.705	73.457	22.832	16.716	11.932	0.000	0.000	0.000	0.000	0.000	0.000	0.000	0.000	866765.159	42.998	878344.572	849049.292	72.665	7.167	6.783	4.882	
01.10.2023	0.000	0.000	0.000	0.000	0.000	7.354	7.366	0.000	0.000	0.000	0.000	0.000	0.000	10.087	10.087	0.000	0.000	0.000	0.000	0.000	0.000	15.416	15.465	0.000	0.000	0.000	0.000	0.000	0.000	13.971	13.989	0.000	3247352.338	174.088	3293445.120	3183744.962	283.145	13.630	10.594	6.270	0.000	0.000	0.000	0.000	0.000	20.181	20.233	0.000	1994445.240	174.536	2033477.873	1953782.669	241.257	22.809	16.694	11.915	0.000	0.000	0.000	0.000	0.000	0.000	0.000	0.000	2920414.039	144.893	2959431.636	2860716.111	244.860	7.156	6.762	4.841	
08.10.2023	0.000	0.000	0.000	0.000	0.000	7.335	7.347	0.000	0.000	0.000	0.000	0.000	0.000	10.050	10.050	0.000	0.000	0.000	0.000	0.000	0.000	15.414	15.463	0.000	0.000	0.000	0.000	0.000	0.000	13.965	13.983	0.000	1364970.741	72.990	1384303.247	1338244.703	118.789	13.588	10.530	6.192	0.000	0.000	0.000	0.000	0.000	20.165	20.216	0.000	834398.038	72.946	850719.925	817350.646	100.924	22.789	16.674	11.900	0.000	0.000	0.000	0.000	0.000	0.000	0.000	0.000	1215449.285	60.373	1231691.596	1190569.525	102.013	7.126	6.732	4.820	
01.11.2023	0.000	0.000	0.000	0.000	0.000	7.256	7.267	0.000	0.000	0.000	0.000	0.000	0.000	9.947	9.947	0.000	0.000	0.000	0.000	0.000	0.000	15.392	15.440	0.000	0.000	0.000	0.000	0.000	0.000	13.931	13.949	0.000	4673557.570	249.279	4739563.575	4582042.440	405.951	13.534	10.469	6.138	0.000	0.000	0.000	0.000	0.000	20.082	20.134	0.000	2859269.057	249.682	2915151.591	2800696.685	345.803	22.753	16.641	11.874	0.000	0.000	0.000	0.000	0.000	0.000	0.000	0.000	4131941.705	205.577	4187177.795	4047200.352	347.302	7.080	6.687	4.790	
08.11.2023	0.000	0.000	0.000	0.000	0.000	7.232	7.244	0.000	0.000	0.000	0.000	0.000	0.000	9.920	9.920	0.000	0.000	0.000	0.000	0.000	0.000	15.385	15.433	0.000	0.000	0.000	0.000	0.000	0.000	13.920	13.938	0.000	1360478.626	72.523	1379678.306	1333835.961	118.120	13.519	10.458	6.135	0.000	0.000	0.000	0.000	0.000	20.057	20.108	0.000	833828.031	72.791	850120.712	816735.035	100.841	22.743	16.631	11.867	0.000	0.000	0.000	0.000	0.000	0.000	0.000	0.000	1199044.191	59.685	1215074.894	1174439.430	100.826	7.068	6.676	4.784	
01.12.2023	0.000	0.000	0.000	0.000	0.000	7.159	7.170	0.000	0.000	0.000	0.000	0.000	0.000	9.845	9.845	0.000	0.000	0.000	0.000	0.000	0.000	15.357	15.404	0.000	0.000	0.000	0.000	0.000	0.000	13.883	13.901	0.000	4456298.896	237.125	4519044.365	4369007.581	386.389	13.475	10.415	6.104	0.000	0.000	0.000	0.000	0.000	19.975	20.026	0.000	2738430.148	238.869	2791897.685	2682183.790	331.152	22.712	16.603	11.845	0.000	0.000	0.000	0.000	0.000	0.000	0.000	0.000	3935061.678	196.153	3987689.968	3854181.974	331.311	7.030	6.636	4.752	
08.12.2023	0.000	0.000	0.000	0.000	0.000	7.137	7.148	0.000	0.000	0.000	0.000	0.000	0.000	9.824	9.824	0.000	0.000	0.000	0.000	0.000	0.000	15.348	15.395	0.000	0.000	0.000	0.000	0.000	0.000	13.872	13.890	0.000	1354677.570	72.046	1373738.471	1328139.437	117.412	13.462	10.403	6.097	0.000	0.000	0.000	0.000	0.000	19.950	20.001	0.000	833317.425	72.672	849584.158	816191.502	100.769	22.703	16.594	11.838	0.000	0.000	0.000	0.000	0.000	0.000	0.000	0.000	1193693.646	59.529	1209660.132	1169146.626	100.542	7.018	6.626	4.745	
01.01.2024	0.000	0.000	0.000	0.000	0.000	7.065	7.076	0.000	0.000	0.000	0.000	0.000	0.000	9.756	9.756	0.000	0.000	0.000	0.000	0.000	0.000	15.315	15.362	0.000	0.000	0.000	0.000	0.000	0.000	13.832	13.850	0.000	4634146.328	246.022	4699202.767	4543339.891	401.121	13.419	10.358	6.061	0.000	0.000	0.000	0.000	0.000	19.869	19.920	0.000	2855727.178	248.868	2911430.017	2796932.053	345.303	22.672	16.566	11.816	0.000	0.000	0.000	0.000	0.000	0.000	0.000	0.000	4013612.524	200.420	4067315.944	3930953.302	338.452	6.985	6.598	4.737	
08.01.2024	0.000	0.000	0.000	0.000	0.000	7.044	7.055	0.000	0.000	0.000	0.000	0.000	0.000	9.737	9.737	0.000	709084.479	39.011	719782.696	694279.639	65.174	14.874	9.780	6.617	497199.018	25.760	504300.085	487103.859	43.514	13.750	10.735	6.668	727650.000	40.160	737886.056	712991.991	64.871	13.458	11.897	8.223	0.000	0.000	0.000	0.000	0.000	19.845	19.896	0.000	832809.098	72.565	849050.210	815655.327	100.698	22.664	16.558	11.810	0.000	0.000	0.000	0.000	0.000	0.000	0.000	0.000	623700.000	31.110	632043.915	610872.265	52.542	7.001	6.773	4.996	
01.02.2024	0.000	0.000	0.000	0.000	0.000	6.977	6.988	0.000	0.000	0.000	0.000	0.000	0.000	9.677	9.677	0.000	2060964.017	110.327	2091105.763	2018206.681	185.387	14.223	9.857	6.584	1537769.803	79.372	1559622.281	1506584.112	134.142	13.652	10.940	6.641	3940155.914	210.736	3995373.112	3862419.054	342.937	13.385	10.887	6.021	0.000	0.000	0.000	0.000	0.000	19.768	19.818	0.000	2854016.134	248.520	2909632.785	2795132.077	345.066	22.633	16.530	11.789	0.000	0.000	0.000	0.000	0.000	0.000	0.000	0.000	2875154.529	143.526	2913631.897	2815972.550	242.383	6.968	6.658	4.677	
08.02.2024	0.000	0.000	0.000	0.000	0.000	6.958	6.969	0.000	0.000	0.000	0.000	0.000	0.000	9.661	9.660	0.000	589000.676	31.352	597556.804	576799.906	52.737	14.086	9.785	6.556	449020.486	23.152	455393.933	439918.912	39.134	13.630	10.910	6.613	1150701.876	61.504	1166816.544	1127999.552	100.103	13.372	10.869	6.002	0.000	0.000	0.000	0.000	0.000	19.746	19.796	0.000	832307.107	72.461	848522.881	815126.411	100.628	22.624	16.522	11.783	0.000	0.000	0.000	0.000	0.000	0.000	0.000	0.000	837823.414	41.836	849036.709	820572.252	70.649	6.961	6.650	4.671	
01.03.2024	0.000	0.000	0.000	0.000	0.000	6.900	6.910	0.000	0.000	0.000	0.000	0.000	0.000	9.611	9.610	0.000	1769544.922	93.414	1794968.510	1732954.349	157.353	13.867	9.728	6.556	1394487.740	71.724	1414224.405	1366254.400	121.269	13.575	10.880	6.613	3592749.024	191.767	3642953.671	3521833.062	312.224	13.331	10.839	6.000	0.000	0.000	0.000	0.000	0.000	19.677	19.728	0.000	2614714.080	227.507	2665621.910	2560659.131	316.106	22.597	16.497	11.764	0.000	0.000	0.000	0.000	0.000	0.000	0.000	0.000	2623010.813	131.093	2658125.918	2568948.169	221.357	6.938	6.628	4.655	
08.03.2024	0.000	0.000	0.000	0.000	0.000	6.881	6.892	0.000	0.000	0.000	0.000	0.000	0.000	9.596	9.595	0.000	561818.123	29.589	569865.685	550208.294	49.860	13.808	9.663	6.508	446295.770	22.936	452606.583	437263.639	38.783	13.557	10.843	6.568	1145665.046	61.112	1161663.681	1123051.466	99.515	13.318	10.819	5.965	0.000	0.000	0.000	0.000	0.000	19.656	19.706	0.000	831841.291	72.365	848033.540	814635.985	100.563	22.588	16.489	11.757	0.000	0.000	0.000	0.000	0.000	0.000	0.000	0.000	838653.848	41.927	849882.220	821362.691	70.793	6.930	6.618	4.641	
01.04.2024	0.000	0.000	0.000	0.000	0.000	6.821	6.831	0.000	0.000	0.000	0.000	0.000	0.000	9.545	9.545	0.000	1876528.022	98.364	1903239.049	1837796.197	165.876	13.685	9.631	6.508	1513283.174	77.589	1534624.248	1482691.979	131.233	13.505	10.815	6.568	3906511.336	208.073	3960940.088	3829367.867	338.952	13.275	10.784	5.951	0.000	0.000	0.000	0.000	0.000	19.583	19.633	0.000	2850717.877	247.845	2906168.207	2791661.438	344.606	22.558	16.462	11.737	0.000	0.000	0.000	0.000	0.000	0.000	0.000	0.000	2850334.890	142.640	2888508.458	2791502.503	240.819	6.905	6.595	4.630	
08.04.2024	0.000	0.000	0.000	0.000	0.000	6.805	6.815	0.000	0.000	0.000	0.000	0.000	0.000	9.539	9.539	0.000	496395.029	26.017	503460.071	486150.045	43.874	13.683	9.591	6.469	399849.680	20.494	405486.778	391768.234	34.666	13.499	10.788	6.529	1022845.301	54.495	1037094.618	1002640.806	88.766	13.273	10.787	5.966	0.000	0.000	0.000	0.000	0.000	19.564	19.614	0.000	748018.906	65.042	762567.487	732524.459	90.424	22.554	16.459	11.734	0.000	0.000	0.000	0.000	0.000	0.000	0.000	0.000	747091.925	37.386	757097.430	731671.950	63.119	6.905	6.595	4.632	
01.05.2024	0.000	0.000	0.000	0.000	0.000	6.759	6.769	0.000	0.000	0.000	0.000	0.000	0.000	9.517	9.516	0.000	1617695.075	84.657	1640674.480	1584323.463	142.797	13.645	9.581	6.469	1303261.419	66.685	1321598.995	1276943.744	112.816	13.462	10.768	6.529	3345792.301	178.087	3392324.076	3279671.939	290.154	13.241	10.761	5.958	0.000	0.000	0.000	0.000	0.000	19.507	19.557	0.000	2456880.649	213.561	2504638.424	2405937.412	296.988	22.531	16.439	11.718	0.000	0.000	0.000	0.000	0.000	0.000	0.000	0.000	2431757.705	121.743	2464329.750	2381542.011	205.530	6.894	6.587	4.634	
08.05.2024	0.000	0.000	0.000	0.000	0.000	6.745	6.756	0.000	0.000	0.000	0.000	0.000	0.000	9.509	9.509	0.000	493846.616	25.832	500856.420	483659.452	43.575	13.630	9.552	6.444	397560.345	20.334	403150.698	389532.798	34.402	13.450	10.749	6.511	1017362.778	54.139	1031504.264	997253.359	88.213	13.231	10.753	5.956	0.000	0.000	0.000	0.000	0.000	19.490	19.540	0.000	747688.815	64.987	762220.091	732181.132	90.380	22.524	16.432	11.713	0.000	0.000	0.000	0.000	0.000	0.000	0.000	0.000	747027.126	37.403	757033.640	731599.560	63.144	6.890	6.580	4.618	
01.06.2024	0.000	0.000	0.000	0.000	0.000	6.700	6.710	0.000	0.000	0.000	0.000	0.000	0.000	9.481	9.481	0.000	1677205.014	87.570	1700949.866	1642621.133	147.760	13.580	9.539	6.444	1352997.878	69.091	1371983.700	1325695.575	116.914	13.410	10.727	6.511	3472836.509	184.627	3521018.211	3404153.022	300.899	13.196	10.722	5.939	0.000	0.000	0.000	0.000	0.000	19.434	19.483	0.000	2562647.802	222.657	2612422.329	2509438.576	309.756	22.499	16.410	11.696	0.000	0.000	0.000	0.000	0.000	0.000	0.000	0.000	2542399.252	127.356	2576461.145	2489867.300	214.991	6.876	6.568	4.618	
08.06.2024	0.000	0.000	0.000	0.000	0.000	6.686	6.697	0.000	0.000	0.000	0.000	0.000	0.000	9.473	9.472	0.000	490121.175	25.558	497053.944	480024.072	43.133	13.563	9.497	6.406	395955.772	20.200	401508.483	387972.472	34.185	13.398	10.698	6.474	1013549.092	53.843	1027603.195	993507.531	87.768	13.186	10.708	5.918	0.000	0.000	0.000	0.000	0.000	19.417	19.467	0.000	747288.702	64.915	761800.731	731765.023	90.325	22.492	16.404	11.691	0.000	0.000	0.000	0.000	0.000	0.000	0.000	0.000	745788.408	37.370	755780.745	730373.304	63.082	6.872	6.561	4.603	
01.07.2024	0.000	0.000	0.000	0.000	0.000	6.643	6.654	0.000	0.000	0.000	0.000	0.000	0.000	9.445	9.444	0.000	1593742.254	82.940	1616230.170	1560933.687	140.014	13.516	9.485	6.406	1290646.625	65.730	1308710.797	1264647.885	111.258	13.361	10.678	6.474	3315974.132	175.952	3361870.377	3250379.688	286.899	13.151	10.679	5.906	0.000	0.000	0.000	0.000	0.000	19.362	19.412	0.000	2454451.565	213.117	2502087.369	2403402.820	296.656	22.467	16.382	11.674	0.000	0.000	0.000	0.000	0.000	0.000	0.000	0.000	2437440.241	122.205	2470104.300	2387027.887	206.275	6.857	6.547	4.597	
08.07.2024	0.000	0.000	0.000	0.000	0.000	6.630	6.641	0.000	0.000	0.000	0.000	0.000	0.000	9.436	9.436	0.000	487248.426	25.337	494117.702	477221.719	42.777	13.499	9.442	6.368	394902.401	20.100	400426.069	386950.104	34.024	13.349	10.649	6.436	1004269.666	53.280	1018162.129	984398.709	86.880	13.141	10.680	5.931	0.000	0.000	0.000	0.000	0.000	19.346	19.395	0.000	746922.259	64.846	761415.877	731382.043	90.275	22.460	16.375	11.669	0.000	0.000	0.000	0.000	0.000	0.000	0.000	0.000	745608.007	37.389	755600.559	730183.767	63.110	6.852	6.540	4.585	
01.08.2024	0.000	0.000	0.000	0.000	0.000	6.587	6.597	0.000	0.000	0.000	0.000	0.000	0.000	9.407	9.406	0.000	1653405.929	85.804	1676658.715	1619408.549	144.904	13.453	9.430	6.368	1342802.106	68.227	1361546.876	1315786.945	115.512	13.311	10.628	6.436	3435739.091	182.039	3483177.185	3367736.947	296.936	13.106	10.644	5.900	0.000	0.000	0.000	0.000	0.000	19.289	19.338	0.000	2559864.438	222.135	2609505.808	2506535.768	309.373	22.435	16.352	11.651	0.000	0.000	0.000	0.000	0.000	0.000	0.000	0.000	2532494.540	127.073	2566441.955	2480070.662	214.473	6.837	6.527	4.584	
08.08.2024	0.000	0.000	0.000	0.000	0.000	6.585	6.595	0.000	0.000	0.000	0.000	0.000	0.000	9.447	9.446	0.000	168346.006	8.801	170735.929	164876.114	14.847	13.633	9.491	6.384	132258.060	6.733	134108.678	129594.704	11.397	13.356	10.674	6.472	335536.353	17.849	340181.495	328887.318	29.085	13.155	10.718	6.013	0.000	0.000	0.000	0.000	0.000	19.280	19.329	0.000	251538.651	21.864	256419.028	246314.287	30.405	22.455	16.375	11.668	0.000	0.000	0.000	0.000	0.000	0.000	0.000	0.000	246499.489	12.348	249801.904	241406.031	20.845	6.878	6.573	4.634	
01.09.2024	0.000	0.000	0.000	0.000	0.000	6.609	6.619	0.000	0.000	0.000	0.000	0.000	0.000	9.574	9.574	0.000	604302.551	31.902	612992.946	591814.368	53.738	13.886	9.587	6.415	450521.089	22.950	456830.310	441446.425	38.845	13.372	10.711	6.518	1140611.936	60.807	1156419.440	1117989.845	99.030	13.175	10.762	6.092	0.000	0.000	0.000	0.000	0.000	19.293	19.342	0.000	862456.674	75.042	879192.267	844574.264	104.261	22.460	16.383	11.674	0.000	0.000	0.000	0.000	0.000	0.000	0.000	0.000	858065.528	42.881	869552.759	840381.739	72.408	6.938	6.631	4.668	
08.09.2024	0.000	0.000	0.000	0.000	0.000	6.608	6.619	0.000	0.000	0.000	0.000	0.000	0.000	9.567	9.566	0.000	419620.909	22.056	425624.715	410962.520	37.179	13.785	9.497	6.347	317822.806	16.162	322264.714	311427.040	27.360	13.334	10.644	6.441	800918.901	42.578	811995.772	785044.918	69.392	13.137	10.709	6.025	0.000	0.000	0.000	0.000	0.000	19.293	19.342	0.000	603553.361	52.455	615259.314	591011.518	72.954	22.441	16.362	11.659	0.000	0.000	0.000	0.000	0.000	0.000	0.000	0.000	614332.887	30.722	622558.878	601662.566	51.872	6.920	6.606	4.623	
01.10.2024	0.000	0.000	0.000	0.000	0.000	6.584	6.594	0.000	0.000	0.000	0.000	0.000	0.000	9.536	9.536	0.000	1343009.930	70.166	1362080.652	1315352.606	118.383	13.638	9.437	6.326	1042128.986	52.901	1056665.334	1021178.030	89.571	13.297	10.606	6.413	2631721.521	139.677	2668055.371	2579563.197	227.736	13.104	10.671	5.985	0.000	0.000	0.000	0.000	0.000	19.261	19.311	0.000	1982410.624	172.169	2020837.446	1941149.596	239.603	22.417	16.340	11.642	0.000	0.000	0.000	0.000	0.000	0.000	0.000	0.000	2006924.652	100.385	2033799.725	1965523.445	169.489	6.914	6.601	4.624	
08.10.2024	0.000	0.000	0.000	0.000	0.000	6.571	6.581	0.000	0.000	0.000	0.000	0.000	0.000	9.506	9.505	0.000	553161.310	28.749	560965.202	541790.755	48.542	13.513	9.353	6.275	437984.225	22.196	444081.925	429186.778	37.589	13.261	10.550	6.355	1103226.736	58.414	1118428.418	1081371.717	95.299	13.068	10.624	5.921	0.000	0.000	0.000	0.000	0.000	19.246	19.296	0.000	829365.302	71.956	845433.877	812069.090	100.230	22.398	16.321	11.627	0.000	0.000	0.000	0.000	0.000	0.000	0.000	0.000	853121.663	42.712	864549.334	835504.542	72.107	6.890	6.571	4.581	
01.11.2024	0.000	0.000	0.000	0.000	0.000	6.513	6.523	0.000	0.000	0.000	0.000	0.000	0.000	9.421	9.421	0.000	1830054.007	94.375	1855613.532	1792539.430	159.511	13.321	9.278	6.249	1495071.955	75.578	1515826.244	1465083.220	128.019	13.207	10.498	6.319	3773805.543	199.325	3825657.609	3699038.878	325.394	13.015	10.568	5.868	0.000	0.000	0.000	0.000	0.000	19.171	19.220	0.000	2842041.232	246.282	2897056.300	2782618.777	343.417	22.362	16.287	11.601	0.000	0.000	0.000	0.000	0.000	0.000	0.000	0.000	2914178.153	146.126	2953234.272	2853898.466	246.650	6.851	6.531	4.550	
08.11.2024	0.000	0.000	0.000	0.000	0.000	6.496	6.506	0.000	0.000	0.000	0.000	0.000	0.000	9.400	9.399	0.000	532080.469	27.388	539494.295	521181.276	46.301	13.277	9.236	6.220	437165.873	22.084	443229.670	428400.525	37.409	13.192	10.473	6.292	1100851.189	58.105	1115965.082	1079040.700	94.872	13.001	10.551	5.847	0.000	0.000	0.000	0.000	0.000	19.148	19.197	0.000	828808.186	71.800	844848.035	811467.631	100.145	22.353	16.278	11.594	0.000	0.000	0.000	0.000	0.000	0.000	0.000	0.000	849132.841	42.597	860514.769	831560.191	71.897	6.840	6.519	4.540	
01.12.2024	0.000	0.000	0.000	0.000	0.000	6.442	6.452	0.000	0.000	0.000	0.000	0.000	0.000	9.340	9.339	0.000	1721475.705	88.296	1745353.377	1686262.970	149.334	13.191	9.198	6.204	1429193.487	72.050	1448970.795	1400570.265	122.074	13.148	10.435	6.270	3602058.335	189.799	3651395.117	3530669.863	310.036	12.957	10.511	5.820	0.000	0.000	0.000	0.000	0.000	19.073	19.122	0.000	2721983.252	235.621	2774622.290	2664929.109	328.867	22.323	16.250	11.573	0.000	0.000	0.000	0.000	0.000	0.000	0.000	0.000	2753659.097	138.316	2790586.474	2696594.026	233.421	6.808	6.490	4.529	
08.12.2024	0.000	0.000	0.000	0.000	0.000	6.426	6.436	0.000	0.000	0.000	0.000	0.000	0.000	9.323	9.322	0.000	524741.017	26.885	532010.075	514012.952	45.476	13.167	9.160	6.173	436436.494	21.988	442471.494	427699.077	37.256	13.134	10.409	6.240	1096182.613	57.726	1111185.900	1074456.380	94.310	12.944	10.495	5.803	0.000	0.000	0.000	0.000	0.000	19.050	19.099	0.000	828315.306	71.684	844330.080	810944.097	100.073	22.314	16.242	11.566	0.000	0.000	0.000	0.000	0.000	0.000	0.000	0.000	842223.896	42.321	853520.022	824762.926	71.418	6.798	6.478	4.513	
01.01.2025	0.000	0.000	0.000	0.000	0.000	6.375	6.385	0.000	0.000	0.000	0.000	0.000	0.000	9.269	9.269	0.000	1776269.499	90.785	1800800.303	1739993.673	153.605	13.110	9.145	6.173	1482452.455	74.539	1502904.267	1452807.365	126.318	13.091	10.385	6.240	3744241.416	196.847	3795367.443	3670005.123	321.738	12.900	10.454	5.773	0.000	0.000	0.000	0.000	0.000	18.975	19.023	0.000	2838630.389	245.489	2893471.787	2778999.201	342.920	22.283	16.214	11.545	0.000	0.000	0.000	0.000	0.000	0.000	0.000	0.000	2852592.614	143.518	2890870.028	2793375.794	242.155	6.767	6.450	4.502	
08.01.2025	636201.195	26.341	642766.693	623943.195	46.088	6.100	3.785	2.240	431893.562	18.118	436562.083	423681.019	31.607	8.638	6.350	2.851	518995.112	26.505	526156.091	508400.372	44.849	13.093	9.115	6.147	433751.407	21.796	439731.272	425080.764	36.939	13.078	10.361	6.212	1091557.244	57.360	1106453.032	1069913.950	93.764	12.889	10.443	5.763	531991.563	35.459	541335.957	519415.830	57.638	18.840	12.340	8.290	596045.341	52.428	607786.464	584069.969	72.134	23.078	16.630	11.829	623700.000	46.223	635370.116	608968.337	71.874	21.037	19.668	13.031	830771.721	41.814	841921.128	813518.574	70.549	6.758	6.441	4.494	
01.02.2025	2022715.569	83.944	2043670.174	1983739.006	146.795	5.907	3.754	2.230	1327354.037	55.406	1341542.116	1302073.817	96.764	8.371	6.313	2.830	1767529.052	90.146	1791854.055	1731446.315	152.558	13.045	9.102	6.147	1479035.290	74.232	1499379.495	1449472.558	125.817	13.036	10.337	6.212	3730391.461	195.834	3781176.248	3656360.884	320.204	12.845	10.405	5.744	1783765.522	118.342	1814948.506	1741601.109	192.648	18.689	12.354	8.319	2037553.374	176.697	2077158.430	1995150.117	246.243	22.529	16.307	11.585	3765561.187	265.454	3833184.159	3675056.456	422.550	19.567	17.308	10.415	2843302.039	143.212	2881479.181	2784215.505	241.609	6.728	6.412	4.479	
08.02.2025	574002.551	23.859	579953.307	562930.246	41.707	5.877	3.731	2.220	379546.975	15.818	383599.117	372323.783	27.636	8.341	6.288	2.822	515229.229	26.238	522314.395	504726.245	44.411	13.031	9.067	6.116	431603.855	21.633	437536.529	422989.209	36.669	13.023	10.310	6.179	1085141.961	56.905	1099904.875	1063614.558	93.072	12.833	10.392	5.732	518102.481	34.262	527152.312	505879.020	55.831	18.664	12.315	8.287	593192.828	51.170	604705.197	580733.891	71.645	22.467	16.270	11.556	1045005.262	72.406	1063715.123	1020037.373	116.076	19.465	17.228	10.393	827406.286	41.710	838517.540	810194.985	70.361	6.719	6.401	4.461	
01.03.2025	1676772.267	69.785	1694187.243	1644421.918	121.954	5.806	3.693	2.220	1122450.239	46.740	1134402.436	1101075.032	81.675	8.274	6.236	2.812	1532849.065	77.933	1553886.538	1501627.216	131.932	12.994	9.058	6.116	1284754.876	64.287	1302380.384	1259137.104	108.986	12.987	10.290	6.179	3242764.547	169.830	3286794.060	3178411.168	277.862	12.797	10.360	5.714	1537758.453	101.356	1564561.184	1501516.996	165.330	18.596	12.307	8.287	1777614.103	152.968	1812021.529	1740063.053	214.626	22.359	16.201	11.503	3064401.650	210.708	3118979.115	2991210.358	338.785	19.290	17.099	10.360	2439649.513	123.103	2472424.988	2388849.801	207.642	6.695	6.382	4.463	
08.03.2025	556056.487	23.152	561835.325	545327.949	40.455	5.783	3.671	2.205	373074.432	15.531	377043.917	365968.509	27.141	8.254	6.216	2.798	512452.719	26.036	519480.661	502019.057	44.079	12.981	9.026	6.088	429656.177	21.486	435546.639	421092.161	36.427	12.975	10.265	6.151	1078492.188	56.461	1093126.050	1057085.935	92.386	12.785	10.352	5.715	514137.684	33.851	523092.454	502024.899	55.235	18.574	12.258	8.249	592354.069	50.941	603811.303	579822.010	71.513	22.330	16.182	11.488	1013934.601	69.557	1031964.257	989721.566	111.934	19.237	17.061	10.350	817965.320	41.288	828955.930	800927.171	69.640	6.686	6.371	4.445	
01.04.2025	1856038.751	77.367	1875363.972	1820226.558	135.154	5.719	3.643	2.205	1261974.681	52.497	1275373.255	1237925.930	91.756	8.197	6.174	2.798	1741098.332	88.302	1764925.280	1705681.505	149.523	12.941	9.016	6.088	1460239.959	72.887	1480215.689	1431167.334	123.587	12.934	10.243	6.151	3686521.456	192.699	3736431.758	3613325.455	315.440	12.744	10.312	5.684	1748500.060	114.727	1778883.748	1707352.676	187.394	18.502	12.227	8.229	2029279.891	174.243	2068459.841	1986189.938	244.934	22.258	16.133	11.450	3427652.473	233.832	3488371.339	3345846.167	377.065	19.113	16.964	10.311	2775056.834	140.231	2812361.966	2717187.562	236.493	6.659	6.345	4.434	
08.04.2025	489910.878	20.419	495011.108	480458.178	35.672	5.724	3.635	2.191	334609.315	13.926	338166.677	328234.825	24.338	8.232	6.196	2.784	461522.792	23.420	467844.315	452133.427	39.654	12.958	8.990	6.059	385332.958	19.230	390603.309	377662.364	32.607	12.931	10.223	6.122	966949.730	50.554	980039.257	947746.297	82.750	12.742	10.311	5.685	459100.389	30.118	467077.086	448297.112	49.197	18.498	12.217	8.223	532491.857	45.725	542772.628	521185.623	64.272	22.257	16.131	11.449	902496.344	61.660	918501.952	880955.270	99.375	19.150	16.995	10.326	734468.513	37.116	744342.182	719151.809	62.594	6.658	6.341	4.420	
01.05.2025	1585150.466	66.111	1601671.222	1554565.768	115.476	5.687	3.619	2.191	1097202.174	45.659	1108863.363	1076298.382	79.798	8.224	6.190	2.784	1517065.045	76.977	1537847.564	1486207.271	130.339	12.960	8.991	6.059	1257788.152	62.680	1274963.208	1232772.602	106.292	12.901	10.206	6.122	3160857.484	165.118	3203575.216	3098053.438	270.337	12.712	10.288	5.683	1496417.943	97.934	1522376.039	1461233.872	160.085	18.449	12.212	8.223	1748732.276	150.083	1782471.412	1711552.832	211.057	22.229	16.108	11.431	2951302.109	201.293	3003589.505	2880880.550	324.619	19.117	16.970	10.320	2380120.368	120.340	2412124.232	2330459.502	202.935	6.645	6.333	4.428	
08.05.2025	480839.939	20.059	485853.278	471562.459	35.034	5.675	3.609	2.184	333366.426	13.872	336908.758	327014.859	24.244	8.219	6.187	2.787	462730.494	23.474	469068.456	453320.075	39.748	12.957	8.976	6.045	382789.168	19.067	388013.367	375178.362	32.334	12.891	10.195	6.112	960435.299	50.158	973408.507	941349.486	82.126	12.703	10.282	5.683	455097.983	29.762	462988.475	444400.453	48.660	18.433	12.198	8.213	532124.393	45.660	542388.449	520805.706	64.221	22.219	16.101	11.426	897384.032	61.157	913274.681	875973.984	98.655	19.101	16.955	10.310	723295.645	36.577	733022.137	708201.348	61.680	6.641	6.329	4.425	
01.06.2025	1620729.634	67.657	1637649.730	1589460.379	118.152	5.635	3.592	2.184	1136113.497	47.259	1148174.419	1114462.668	82.603	8.194	6.168	2.787	1578320.683	79.979	1599912.713	1546243.609	135.440	12.935	8.970	6.045	1302852.471	64.792	1320600.997	1276974.810	109.889	12.858	10.176	6.112	3280701.446	171.138	3324935.347	3215483.239	280.298	12.670	10.252	5.667	1554376.078	101.386	1581278.421	1517873.058	165.888	18.379	12.157	8.184	1823223.526	156.333	1858359.836	1784374.735	220.016	22.183	16.073	11.404	3064482.184	208.213	3118639.556	2991402.686	336.242	19.036	16.896	10.275	2465906.021	124.775	2499075.367	2414414.724	210.395	6.626	6.315	4.419	
08.06.2025	471672.454	19.694	476598.636	462572.526	34.391	5.623	3.579	2.173	331399.112	13.784	334916.158	325083.229	24.093	8.185	6.157	2.772	462195.496	23.409	468515.424	452805.229	39.644	12.926	8.939	6.016	381396.353	18.957	386589.121	373823.572	32.153	12.847	10.153	6.085	955293.500	49.818	968166.829	936300.412	81.600	12.660	10.245	5.667	452585.977	29.498	460415.061	441960.358	48.275	18.364	12.150	8.180	531670.289	45.578	541913.672	520335.698	64.157	22.173	16.065	11.398	889990.841	60.416	905710.016	868770.013	97.596	19.017	16.886	10.278	721357.103	36.507	731061.069	706291.427	61.558	6.621	6.309	4.410	
01.07.2025	1525286.772	63.728	1541237.302	1495862.103	111.268	5.586	3.563	2.173	1082253.129	44.999	1093727.992	1061622.950	78.660	8.160	6.138	2.772	1508555.204	76.302	1529150.242	1477929.197	129.236	12.897	8.932	6.016	1244271.024	61.752	1261181.860	1219590.246	104.746	12.815	10.135	6.085	3134899.434	163.274	3177069.114	3072556.616	267.533	12.628	10.210	5.633	1481339.881	96.307	1506921.239	1446594.349	157.723	18.312	12.110	8.151	1745820.912	149.557	1779427.936	1708539.820	210.646	22.139	16.038	11.378	2914589.084	197.296	2965971.933	2845127.735	319.029	18.957	16.831	10.243	2363695.983	119.700	2395502.697	2314299.159	201.820	6.606	6.294	4.398	
08.07.2025	462786.201	19.340	467628.140	453858.869	33.766	5.572	3.549	2.162	329321.523	13.691	332812.152	323043.482	23.934	8.151	6.128	2.759	460608.671	23.284	466893.393	451260.930	39.440	12.887	8.903	5.990	379907.470	18.845	385067.859	372374.470	31.966	12.804	10.113	6.059	951287.560	49.535	964077.639	932366.293	81.171	12.619	10.207	5.643	450051.213	29.237	457819.144	439498.083	47.892	18.296	12.102	8.147	531238.180	45.500	541461.952	519888.597	64.096	22.129	16.031	11.372	883281.876	59.739	898844.581	862234.516	96.628	18.938	16.821	10.247	722108.206	36.576	731826.120	707014.408	61.667	6.600	6.287	4.388	
01.08.2025	1560467.352	65.258	1576816.655	1530369.303	113.915	5.534	3.533	2.162	1121991.119	46.630	1133872.278	1100597.524	81.520	8.125	6.108	2.759	1567495.166	79.121	1588844.862	1535709.786	134.036	12.854	8.894	5.990	1292899.013	64.029	1310428.353	1267289.963	108.622	12.771	10.095	6.059	3246694.466	168.870	3290265.135	3182092.208	276.802	12.585	10.180	5.633	1536610.026	99.562	1563084.600	1500615.422	163.207	18.242	12.061	8.118	1820242.879	155.796	1855244.348	1781291.681	219.595	22.095	16.004	11.351	3020548.498	203.729	3073672.829	2948611.461	329.845	18.881	16.766	10.211	2453989.714	124.378	2487025.050	2402662.902	209.687	6.585	6.273	4.385	
08.08.2025	162203.825	6.767	163895.428	159074.583	11.818	5.667	3.595	2.168	118255.881	4.939	119524.619	116007.084	8.625	8.462	6.373	2.818	159300.298	8.100	161490.732	156059.387	13.712	13.029	8.962	6.015	127139.040	6.309	128867.016	124617.692	10.702	12.815	10.145	6.102	316974.771	16.556	321239.763	310659.017	27.106	12.632	10.251	5.743	151719.865	9.869	154340.895	148160.447	16.160	18.323	12.130	8.170	179010.365	15.363	182461.755	175202.196	21.605	22.202	16.070	11.401	314385.290	21.611	319990.415	306883.270	34.751	19.325	17.092	10.310	240383.970	12.164	243617.473	235364.389	20.510	6.625	6.316	4.428	
01.09.2025	574636.703	23.934	580613.845	563551.406	41.818	5.753	3.641	2.180	423962.598	17.832	428561.923	415897.482	31.089	8.720	6.593	2.922	573559.408	29.454	581553.133	561846.968	49.809	13.281	9.050	6.039	434125.376	21.557	440031.326	425512.959	36.565	12.833	10.178	6.139	1081100.027	56.581	1095661.989	1059541.565	92.587	12.652	10.286	5.806	517878.107	33.759	526837.674	505718.860	55.246	18.367	12.215	8.237	614658.570	52.967	626556.121	601700.114	74.226	22.360	16.160	11.470	1123296.009	78.495	1143547.624	1096479.785	125.413	19.701	17.382	10.378	822108.353	41.504	833155.399	804981.008	70.003	6.682	6.377	4.488	
08.09.2025	388499.824	16.208	392551.933	381004.917	28.308	5.663	3.593	2.169	284219.792	11.882	287274.603	278815.424	20.745	8.506	6.425	2.878	397356.464	20.324	402867.689	389257.215	34.384	13.190	8.981	5.990	304925.383	15.116	309065.404	298882.767	25.642	12.796	10.124	6.084	757618.504	39.542	767802.595	742521.305	64.753	12.615	10.240	5.748	361471.306	23.497	367712.938	352993.398	38.482	18.309	12.162	8.196	429935.545	36.978	438243.728	420834.112	51.905	22.293	16.117	11.437	764466.876	52.722	778127.769	746221.964	84.673	19.401	17.140	10.300	588833.807	29.748	596748.626	576557.712	50.170	6.665	6.352	4.439	
01.10.2025	1251474.465	52.254	1264547.586	1227332.687	91.247	5.617	3.573	2.169	917440.971	38.267	927260.279	899992.176	66.844	8.404	6.336	2.837	1274112.823	64.804	1291659.455	1248207.217	109.702	13.058	8.927	5.970	1000201.801	49.502	1013756.351	980402.483	83.980	12.762	10.089	6.057	2488281.061	129.661	2521672.215	2438700.039	212.425	12.584	10.205	5.710	1185788.267	76.905	1206231.934	1158001.202	126.033	18.262	12.113	8.160	1411009.827	121.113	1438215.633	1380999.443	170.297	22.203	16.059	11.393	2435985.065	166.286	2479206.590	2377891.724	268.085	19.165	16.968	10.262	1949033.569	98.490	1975234.789	1908390.099	166.099	6.658	6.342	4.421	
08.10.2025	509545.694	21.305	514882.612	499717.819	37.191	5.543	3.528	2.151	372441.214	15.501	376401.591	365346.378	27.091	8.238	6.196	2.777	524141.014	26.526	531313.864	513508.933	44.926	12.941	8.857	5.930	419594.432	20.734	425270.069	411296.579	35.179	12.728	10.040	6.010	1046313.876	54.380	1060327.953	1025479.482	89.155	12.550	10.152	5.629	495516.853	32.048	504043.678	483917.944	52.561	18.205	12.050	8.112	589967.354	50.546	601321.675	577368.618	71.185	22.130	16.013	11.358	986766.647	66.645	1004142.050	963264.603	107.851	18.919	16.787	10.207	821989.718	41.575	833044.501	804832.785	70.108	6.635	6.316	4.387	
01.11.2025	1695618.522	70.996	1713431.500	1662924.631	123.896	5.465	3.483	2.135	1244136.710	51.690	1257299.583	1220409.627	90.372	8.100	6.081	2.731	1736953.643	87.258	1760493.509	1701841.479	147.880	12.763	8.785	5.905	1432275.625	70.611	1451595.104	1403993.756	119.817	12.677	9.992	5.976	3577171.705	185.470	3624950.478	3505939.465	304.276	12.500	10.101	5.584	1688527.618	108.744	1717499.195	1649072.364	178.549	18.118	11.980	8.061	2019850.102	172.624	2058615.207	1976473.419	243.617	22.019	15.940	11.302	3280618.237	219.337	3337961.589	3202618.717	356.161	18.685	16.614	10.152	2789649.176	141.315	2827194.147	2731333.187	238.256	6.597	6.279	4.364	
08.11.2025	491554.208	20.589	496722.234	482077.320	35.927	5.445	3.467	2.126	360669.453	14.979	364481.569	353789.667	26.191	8.073	6.059	2.728	503910.698	25.272	510724.707	493732.724	42.835	12.722	8.757	5.889	417792.539	20.584	423423.742	409546.158	34.929	12.664	9.975	5.961	1042250.497	54.006	1056160.844	1021495.125	88.616	12.486	10.088	5.574	494256.611	31.793	502729.918	482713.393	52.217	18.093	11.922	8.017	588918.781	50.303	600214.118	576255.602	71.024	21.993	15.923	11.289	953574.754	63.623	970218.023	930912.614	103.381	18.639	16.573	10.129	817902.536	41.451	828912.837	800797.260	69.882	6.586	6.265	4.345	
01.12.2025	1578045.721	66.158	1594672.498	1547631.312	115.419	5.394	3.445	2.126	1171262.352	48.602	1183613.502	1148910.141	84.998	8.006	6.000	2.698	1633205.150	81.636	1655195.010	1600273.869	138.406	12.644	8.719	5.870	1366441.655	67.198	1384817.796	1339503.360	114.040	12.623	9.940	5.939	3414308.638	176.613	3459772.856	3346300.967	289.934	12.445	10.048	5.542	1610810.994	103.239	1638357.005	1573250.511	169.722	18.019	11.883	7.991	1933386.927	164.939	1970418.155	1891701.517	233.121	21.939	15.883	11.258	3112631.183	206.851	3166804.775	3038726.813	336.542	18.551	16.496	10.085	2658213.168	134.892	2694020.060	2602549.892	227.381	6.554	6.235	4.329	
08.12.2025	478801.798	20.079	483850.032	469574.608	35.027	5.378	3.429	2.112	355184.232	14.735	358927.493	348405.176	25.771	7.988	5.986	2.694	496621.774	24.800	503300.573	486613.451	42.049	12.623	8.695	5.853	416185.034	20.455	421778.110	407983.417	34.715	12.610	9.922	5.922	1037828.837	53.658	1051638.752	1017155.110	88.098	12.432	10.036	5.535	490302.006	31.389	498680.110	478874.889	51.618	17.996	11.853	7.969	588281.077	50.170	599544.557	575587.872	70.929	21.924	15.872	11.250	943829.855	62.650	960243.165	921426.651	101.967	18.526	16.478	10.080	808704.180	41.054	819599.860	791763.340	69.200	6.544	6.225	4.320	
01.01.2026	1607580.923	67.470	1624564.876	1576611.228	117.679	5.332	3.409	2.112	1205895.889	49.993	1218582.165	1182872.598	87.449	7.934	5.940	2.672	1683045.113	83.862	1705616.214	1649168.870	142.211	12.573	8.682	5.853	1413091.654	69.328	1432040.253	1385276.940	117.666	12.571	9.903	5.922	3545880.293	183.031	3592955.767	3475225.354	300.647	12.392	9.997	5.507	1667251.990	106.361	1695671.614	1628457.536	175.059	17.924	11.817	7.945	2015504.253	171.728	2054053.943	1971928.201	242.971	21.883	15.840	11.225	3224523.921	213.363	3280478.289	3148052.487	347.607	18.459	16.416	10.041	2736652.623	139.095	2773546.743	2679257.811	234.424	6.514	6.198	4.310	
21.01.2026	1303236.592	54.727	1317024.864	1278136.622	95.442	5.301	3.378	2.089	980816.498	40.649	991126.903	962087.943	71.109	7.911	5.918	2.659	1375365.758	68.439	1393781.374	1347705.398	116.068	12.544	8.640	5.819	1154228.753	56.547	1169679.868	1131531.605	95.979	12.540	9.865	5.886	2882302.772	148.627	2920502.878	2824849.253	244.205	12.361	9.973	5.500	1355897.860	86.272	1378968.126	1324387.118	142.086	17.871	11.776	7.916	1644815.669	140.063	1676255.270	1609209.275	198.265	21.858	15.818	11.208	2621923.168	173.199	2667372.773	2559777.115	282.318	18.427	16.390	10.032	2235078.758	113.702	2265225.091	2188163.914	191.608	6.492	6.175	4.288	
01.04.2026	4419447.858	186.038	4466444.117	4334375.455	324.261	5.196	3.334	2.089	3384742.033	140.147	3420206.173	3320050.269	245.220	7.805	5.832	2.635	4750814.062	235.774	4814087.741	4655292.342	399.925	12.449	8.612	5.804	3981122.492	194.424	4034098.546	3902892.799	330.040	12.433	9.803	5.871	9984057.886	513.590	10115576.831	9784613.754	844.429	12.253	9.887	5.478	4674635.350	295.694	4753673.996	4566139.590	487.669	17.690	11.684	7.859	5749979.824	488.846	5859620.255	5625008.648	692.899	21.763	15.735	11.145	9102602.026	598.520	9259654.802	8886922.999	976.963	18.285	16.265	9.966	7728466.669	393.918	7832883.060	7566012.884	663.681	6.418	6.104	4.245	
21.04.2026	1145736.810	48.347	1157924.242	1123636.209	84.220	5.190	3.312	2.064	891126.903	36.895	900472.137	874104.332	64.558	7.835	5.843	2.605	1250388.787	61.973	1267051.423	1225304.156	105.128	12.459	8.570	5.773	1037947.004	50.553	1051743.354	1017619.536	85.822	12.413	9.773	5.840	2596117.582	133.352	2630278.733	2544276.628	219.345	12.233	9.872	5.475	1213688.871	76.414	1234187.631	1185631.491	126.161	17.659	11.675	7.855	1507110.741	127.998	1535846.096	1474311.526	181.584	21.760	15.727	11.138	2396742.794	157.413	2438148.066	2340057.904	257.034	18.323	16.286	9.961	2009474.793	102.573	2036630.313	1967160.846	172.789	6.408	6.094	4.235	
01.07.2026	3932711.281	166.615	3974699.195	3856722.642	289.977	5.119	3.282	2.064	3118182.458	129.015	3150832.507	3058604.572	225.781	7.784	5.809	2.616	4359502.066	215.506	4417415.471	4272190.327	365.629	12.403	8.576	5.773	3601159.693	174.655	3648783.494	3530847.708	296.540	12.322	9.729	5.840	9113471.745	466.890	9232775.205	8931239.046	768.542	12.142	9.794	5.437	4222655.668	263.944	4293611.471	4125419.330	436.467	17.514	11.624	7.826	5341431.360	452.694	5443090.877	5224722.620	643.325	21.689	15.659	11.086	8438069.320	551.623	8583410.197	8238844.697	901.956	18.233	16.206	9.920	6999360.782	357.928	7094051.276	6851730.471	602.821	6.364	6.053	4.219	
21.07.2026	967337.443	40.952	977656.659	948650.608	71.286	5.135	3.262	2.029	768430.131	31.829	776496.893	753753.733	55.687	7.868	5.869	2.613	1071457.683	53.036	1085725.922	1049992.474	89.975	12.446	8.548	5.756	869327.758	42.141	880818.124	852361.383	71.550	12.313	9.717	5.830	2201956.358	112.821	2230767.724	2157908.417	185.706	12.133	9.780	5.417	1020629.703	63.761	1037773.136	997134.554	105.449	17.503	11.598	7.808	1288856.366	109.263	1313398.078	1260715.606	155.239	21.708	15.664	11.090	2069449.067	135.843	2105215.672	2020541.842	221.850	18.336	16.276	9.932	1706379.091	87.245	1729461.530	1670393.451	146.941	6.368	6.054	4.208	
01.10.2026	3432061.940	145.561	3468747.750	3365723.085	253.272	5.097	3.246	2.029	2771782.463	114.821	2800886.737	2718845.052	200.885	7.875	5.875	2.613	3838848.759	189.801	3889905.293	3762005.281	322.014	12.424	8.547	5.756	3081753.731	148.958	3122322.323	3021714.060	252.927	12.241	9.682	5.830	7862945.586	402.254	7965422.408	7705435.837	662.410	12.064	9.726	5.403	3624083.551	225.407	3684730.808	3540829.852	373.127	17.399	11.574	7.799	4634607.869	392.360	4722762.311	4533163.354	558.089	21.666	15.614	11.052	7442468.843	487.704	7570930.612	7266664.192	796.890	18.297	16.237	9.907	6111353.260	312.588	6194047.154	5982431.770	526.447	6.356	6.045	4.214	
21.10.2026	1175521.915	50.080	1188141.390	1152758.711	87.049	5.021	3.191	1.999	949418.851	39.244	959338.716	931273.687	68.694	7.709	5.728	2.542	1322382.106	65.041	1339845.411	1295987.516	110.377	12.297	8.483	5.696	1087465.913	52.417	1101742.109	1066332.915	89.006	12.192	9.618	5.768	2774541.522	141.508	2810600.076	2718988.192	233.234	12.014	9.663	5.325	1271503.652	78.704	1292720.886	1242388.799	130.409	17.320	11.497	7.741	1634241.250	138.016	1665259.131	1598306.878	196.703	21.582	15.555	11.007	2548437.516	165.203	2592076.460	2488451.793	270.763	18.058	16.052	9.838	2177131.057	111.526	2206616.583	2131139.488	187.796	6.321	6.004	4.156	
01.01.2027	4092359.577	175.061	4136583.606	4013097.682	304.011	4.910	3.137	1.989	3348579.724	138.222	3383431.988	3284529.258	242.026	7.564	5.604	2.495	4607984.034	225.588	4668283.698	4516088.650	382.905	12.135	8.464	5.667	3863783.225	185.677	3914189.919	3788740.031	315.297	12.082	9.542	5.736	9925320.929	504.804	10053491.993	9726195.858	832.694	11.902	9.560	5.262	4526956.109	278.453	4601984.897	4423527.330	461.938	17.135	11.380	7.664	5872578.707	494.504	5983640.447	5742652.370	706.437	21.443	15.440	10.919	9027913.355	580.879	9181372.353	8815725.962	953.948	17.843	15.867	9.744	7722259.480	396.435	7827070.438	7558897.839	667.383	6.240	5.927	4.115	
21.01.2027	1123440.096	48.256	1135599.154	1101615.267	83.723	4.886	3.085	1.938	918861.233	37.894	928417.783	901293.063	66.367	7.535	5.573	2.470	1261144.056	61.554	1277620.001	1236079.433	104.491	12.106	8.439	5.647	1062522.839	50.923	1076361.596	1041952.359	86.472	12.052	9.515	5.716	2733502.993	138.729	2768743.012	2678691.424	228.984	11.873	9.535	5.250	1244949.557	76.151	1265546.183	1216652.247	126.459	17.087	11.335	7.631	1628726.107	136.844	1659504.978	1592583.160	195.844	21.414	15.413	10.898	2481944.058	158.945	2524072.920	2423805.299	261.347	17.802	15.834	9.733	2120127.704	109.053	2148920.323	2075180.367	183.547	6.219	5.906	4.095	
01.04.2027	3858139.619	166.220	3900069.972	3783147.769	288.197	4.821	3.059	1.938	3182202.646	131.140	3215229.325	3121332.051	229.714	7.445	5.494	2.435	4357616.444	212.203	4414262.983	4271024.110	360.251	12.019	8.410	5.620	3676198.850	175.761	3723811.368	3605037.054	298.462	11.954	9.449	5.689	9494960.685	480.975	9616674.908	9304153.912	794.327	11.774	9.450	5.211	4300307.269	261.763	4371030.458	4202706.255	435.058	16.928	11.275	7.599	5692941.322	477.426	5800261.248	5566114.368	684.273	21.320	15.326	10.832	8628060.702	550.413	8773876.447	8426067.060	905.892	17.676	15.724	9.679	7327139.703	377.497	7426842.723	7171671.792	635.246	6.152	5.842	4.061	
21.04.2027	1009220.262	43.572	1020187.613	989564.047	75.510	4.823	3.037	1.911	839163.047	34.581	847878.608	823117.857	60.575	7.476	5.508	2.410	1145397.577	55.697	1160296.000	1122695.176	94.559	12.029	8.381	5.602	957358.342	45.659	969744.850	938887.401	77.534	11.936	9.427	5.670	2474825.490	125.169	2506517.906	2425118.422	206.812	11.756	9.433	5.200	1115604.387	67.596	1133933.250	1090405.797	112.433	16.901	11.254	7.585	1491681.732	124.901	1519799.866	1458394.172	179.240	21.317	15.316	10.825	2271739.600	144.772	2310187.212	2218662.322	238.334	17.717	15.745	9.671	1903180.987	98.195	1929084.541	1862729.567	165.214	6.143	5.833	4.051	
01.07.2027	3525058.941	152.577	3563483.988	3456353.633	264.268	4.777	3.018	1.911	2954425.549	121.708	2985084.548	2897927.320	213.212	7.439	5.485	2.422	4022817.050	195.309	4075004.016	3943135.052	331.597	11.983	8.387	5.602	3345865.634	159.170	3388948.790	3281372.788	270.282	11.852	9.387	5.670	8706308.902	439.588	8817272.040	8531142.512	726.681	11.674	9.366	5.178	3921478.713	236.528	3985593.061	3833085.062	393.701	16.773	11.194	7.548	5288471.344	442.027	5387988.627	5170084.290	635.222	21.252	15.248	10.773	8051375.644	511.712	8187294.528	7863415.118	842.969	17.645	15.677	9.633	6681968.665	345.147	6773027.412	6539849.901	580.640	6.103	5.795	4.028	
21.07.2027	862425.767	37.312	871814.721	845611.922	64.632	4.796	3.001	1.879	725464.712	29.913	733007.421	711593.997	52.391	7.521	5.546	2.423	983409.728	47.765	996194.926	963945.964	81.095	12.021	8.356	5.584	802786.333	38.136	813118.467	787343.402	64.757	11.844	9.375	5.659	2097690.484	105.854	2124414.193	2055492.251	175.017	11.666	9.353	5.158	939975.699	56.574	955338.714	918839.041	94.198	16.765	11.184	7.541	1275418.255	106.555	1299430.421	1246864.898	153.183	21.270	15.252	10.776	1965284.680	125.261	1998576.054	1919390.354	206.208	17.743	15.745	9.645	1632468.260	84.353	1654712.105	1597728.721	141.900	6.107	5.794	4.014	
01.10.2027	3069833.431	133.046	3103305.206	3009935.916	230.373	4.773	2.991	1.879	2617176.596	107.927	2644393.452	2567137.378	189.023	7.530	5.552	2.423	3510150.922	170.240	3555724.611	3440771.773	289.043	11.997	8.360	5.584	2839056.136	134.481	2875457.649	2784564.481	228.344	11.778	9.344	5.659	7464974.637	376.110	7559727.111	7314636.496	622.143	11.602	9.307	5.156	3332998.295	199.666	3387273.766	3258293.518	332.681	16.670	11.157	7.528	4585163.069	382.423	4671399.871	4482259.107	550.500	21.232	15.204	10.740	7061523.898	449.191	7180999.855	6896794.277	739.825	17.709	15.709	9.622	5852464.406	302.524	5932233.295	5727883.397	508.892	6.097	5.786	4.009	
21.10.2027	1062817.054	46.279	1074462.442	1042043.919	80.050	4.702	2.939	1.851	900845.886	37.081	910179.165	883616.455	64.971	7.364	5.402	2.349	1220612.325	58.985	1236346.726	1196507.694	100.155	11.871	8.305	5.539	1004815.212	47.524	1017664.159	985543.245	80.693	11.731	9.290	5.614	2642245.174	132.799	2675691.541	2589038.992	219.833	11.555	9.246	5.081	1179011.412	70.430	1198155.919	1152626.275	117.396	16.596	11.059	7.454	1617487.653	134.671	1647840.217	1581060.952	194.121	21.146	15.145	10.694	2432170.062	153.324	2472955.118	2375582.745	253.060	17.456	15.513	9.551	2069902.634	107.107	2098144.948	2025811.832	180.149	6.064	5.751	3.977	
01.01.2028	3695877.362	161.784	3736619.904	3623519.679	279.521	4.618	2.904	1.851	3168587.518	130.234	3201337.989	3107989.311	228.270	7.239	5.294	2.308	4248814.077	204.287	4303136.195	4165117.799	346.897	11.728	8.266	5.503	3578447.931	168.709	3623941.540	3509916.650	286.435	11.630	9.212	5.572	9449681.612	473.554	9568595.094	9259114.580	784.611	11.453	9.151	5.025	4184641.168	248.446	4252146.387	4091294.252	414.461	16.430	10.985	7.407	5810456.264	482.309	5919138.411	5678896.814	696.848	21.023	15.042	10.616	8581612.253	536.655	8724619.084	8382726.734	887.317	17.283	15.367	9.487	7334121.434	380.356	7434433.111	7177684.683	639.582	5.990	5.682	3.940	
21.01.2028	1017963.679	44.724	1029205.633	997983.977	77.210	4.594	2.859	1.809	872490.082	35.833	881503.947	855811.322	62.819	7.212	5.266	2.288	1167986.962	56.014	1182895.341	1145046.936	95.119	11.700	8.229	5.478	987198.095	46.434	999728.869	968346.707	78.831	11.603	9.182	5.546	2619631.058	130.993	2652544.415	2566836.015	217.183	11.426	9.117	4.984	1149244.370	67.930	1167751.510	1123725.684	113.384	16.386	10.960	7.389	1611783.706	133.544	1641910.457	1575209.061	193.221	20.997	15.018	10.597	2364350.931	147.287	2403697.266	2309726.791	243.727	17.246	15.333	9.469	2018214.238	104.835	2045836.327	1975094.497	176.252	5.971	5.661	3.918	
01.04.2028	3524205.170	155.408	3563325.236	3454988.340	268.078	4.527	2.832	1.809	3058779.874	125.526	3090339.993	3000308.787	220.100	7.130	5.197	2.265	4102397.060	196.226	4154479.972	4021879.166	333.214	11.606	8.077	5.371	3462191.619	162.400	3505902.039	3396152.814	275.682	11.509	9.093	5.484	9223089.073	460.216	9338348.258	9036891.608	763.522	11.333	9.033	4.940	4032576.063	237.126	4097135.319	3943276.795	396.036	16.240	10.895	7.344	5712979.007	472.327	5819512.752	5582856.273	684.516	20.909	14.935	10.534	8333559.653	516.911	8471651.981	8141342.872	856.118	17.130	15.222	9.403	6995101.456	363.981	7091040.868	6845517.073	611.818	5.911	5.608	3.898	
21.04.2028	912604.322	40.314	922733.952	894649.549	69.515	4.528	2.803	1.775	793893.909	32.582	802089.801	778721.724	57.129	7.167	5.221	2.258	1070746.138	51.142	1084349.858	1049788.794	86.845	11.619	8.071	5.367	891949.086	41.755	903199.887	874984.141	70.875	11.494	9.083	5.481	2374355.203	118.336	2404002.502	2326438.947	196.398	11.318	9.022	4.939	1033475.596	60.558	1050005.060	1010682.937	101.180	16.217	10.866	7.323	1476220.539	121.894	1503749.595	1442561.107	176.826	20.911	14.928	10.529	2166155.137	134.306	2202117.063	2116280.922	222.460	17.180	15.256	9.408	1803736.589	93.959	1828481.153	1765115.896	157.916	5.904	5.600	3.887	
01.07.2028	3181608.521	140.914	3217046.359	3118977.235	242.847	4.484	2.785	1.775	2801007.865	114.922	2829909.359	2747476.290	201.517	7.132	5.196	2.258	3764645.766	179.521	3812341.380	3691017.584	304.846	11.570	8.121	5.400	3120394.671	145.682	3159583.474	3061148.437	247.260	11.418	9.054	5.491	8365088.647	416.146	8469101.652	8196072.318	691.057	11.246	8.958	4.907	3621270.391	211.185	3678916.914	3541658.991	353.021	16.101	10.807	7.281	5233220.140	431.281	5330646.764	5113546.633	626.551	20.848	14.862	10.479	7686991.221	475.325	7814256.155	7510183.459	787.731	17.106	15.179	9.354	6329463.271	330.085	6416405.020	6193851.356	554.700	5.869	5.564	3.859	
21.07.2028	778990.380	34.483	787653.977	763650.597	59.434	4.503	2.768	1.746	688315.695	28.267	695427.242	675159.276	49.555	7.215	5.256	2.255	911429.994	43.493	923005.307	893612.220	73.856	11.612	8.019	5.331	748951.401	34.924	758353.816	734757.642	59.272	11.412	9.022	5.450	2011903.050	100.066	2036912.934	1971252.798	166.183	11.241	8.948	4.890	868054.273	50.530	881868.691	849015.682	84.482	16.094	10.837	7.306	1262197.258	103.977	1285708.333	1233335.238	151.104	20.868	14.867	10.483	1873856.329	116.214	1904995.335	1830728.625	192.484	17.206	15.258	9.384	1501342.083	78.305	1521959.370	1469164.882	131.588	5.876	5.574	3.875	
01.10.2028	2791081.873	123.631	2822166.810	2736129.438	213.057	4.485	2.761	1.746	2490290.360	102.294	2516027.493	2442687.472	179.324	7.233	5.273	2.266	3311656.313	157.924	3353665.789	3246937.714	268.172	11.592	8.090	5.379	2670519.099	124.310	2703932.185	2619950.233	210.958	11.353	9.011	5.475	7207649.326	358.129	7296965.328	7061849.750	594.937	11.187	8.908	4.889	3082887.462	178.983	3131786.261	3015360.725	299.319	16.014	10.793	7.274	4540653.156	373.749	4625165.896	4436692.742	543.473	20.839	14.826	10.452	6765934.771	419.438	6878259.610	6610178.770	694.765	17.180	15.222	9.349	5452093.107	284.372	5526971.991	5335245.502	477.873	5.873	5.571	3.871	
21.10.2028	962247.192	42.832	973022.204	943269.634	73.737	4.419	2.711	1.720	855514.895	35.079	864334.688	839166.202	61.521	7.071	5.128	2.202	1146640.196	54.451	1161084.893	1124283.396	92.459	11.471	8.022	5.330	940955.066	43.696	952698.902	923182.660	74.145	11.310	8.950	5.419	2543811.134	126.014	2575253.252	2492388.902	209.540	11.143	8.849	4.815	1088499.766	62.931	1105716.090	1064750.483	105.280	15.946	10.702	7.205	1600981.535	131.474	1630710.679	1564192.183	191.509	20.753	14.768	10.407	2322636.653	142.571	2360844.556	2269412.537	236.604	16.935	15.036	9.294	1958839.579	102.280	1985773.543	1916830.727	171.856	5.841	5.534	3.830	
01.01.2029	3336836.480	149.312	3374438.283	3270926.382	256.762	4.344	2.687	1.720	2996724.881	122.692	3027577.469	2939494.667	215.251	6.954	5.033	2.179	3948613.499	186.586	3997989.471	3871879.746	316.804	11.343	8.055	5.349	3331148.719	154.180	3372503.593	3268379.313	261.573	11.219	8.902	5.414	9087655.685	448.789	9199373.287	8903771.431	746.997	11.049	8.762	4.767	3844058.755	220.824	3904475.073	3760578.577	369.617	15.795	10.642	7.164	5749977.114	470.541	5856401.614	5617156.867	687.177	20.632	14.666	10.330	8184167.522	498.364	8317963.471	7997542.544	828.228	16.771	14.898	9.234	6974060.714	365.019	7070201.038	6824280.038	613.157	5.774	5.467	3.780	
21.01.2029	919410.978	41.271	929791.128	901213.850	70.923	4.322	2.642	1.680	825265.541	33.772	833759.978	809509.773	59.256	6.929	5.008	2.161	1105390.301	52.082	1119184.216	1083983.559	88.425	11.308	7.917	5.256	923626.733	42.656	935076.419	906273.717	72.359	11.193	8.854	5.362	2517589.690	124.084	2548495.900	2466678.828	206.667	11.025	8.732	4.733	1060116.725	60.649	1076749.984	1037204.706	101.545	15.755	10.603	7.135	1594950.547	130.269	1624449.549	1558034.777	190.515	20.606	14.642	10.311	2257876.254	137.007	2294737.474	2206554.969	227.825	16.735	14.865	9.215	1912287.633	100.234	1938666.680	1871157.847	168.344	5.757	5.452	3.771	
01.04.2029	3133997.023	141.055	3169556.699	3071982.025	242.268	4.265	2.641	1.688	2855772.221	116.853	2885148.735	2801237.776	205.036	6.856	4.952	2.157	3758098.893	176.781	3804812.148	3685335.234	300.124	11.240	7.999	5.310	3180770.633	146.577	3220013.720	3121058.453	248.609	11.111	8.820	5.371	8771046.974	431.468	8878208.146	8593424.110	719.066	10.942	8.657	4.692	3676518.638	209.434	3733875.118	3597237.857	350.752	15.622	10.513	7.070	5574041.544	454.305	5676887.168	5444596.450	665.427	20.518	14.559	10.248	7865888.259	475.604	7993752.720	7687319.577	791.322	16.624	14.763	9.161	6597108.310	346.279	6688314.051	6455159.153	581.489	5.701	5.401	3.748	
21.04.2029	827184.495	37.282	836569.412	810793.308	64.014	4.266	2.599	1.648	754326.740	30.866	762088.368	739923.748	54.159	6.891	4.964	2.123	991446.676	46.592	1003779.525	972291.317	79.097	11.253	7.971	5.292	831142.243	38.231	841387.977	815581.859	64.837	11.097	8.801	5.355	2291362.809	112.594	2319336.614	2244976.872	187.711	10.929	8.643	4.681	955859.169	54.277	970758.237	935332.789	90.918	15.601	10.519	7.077	1460775.850	118.895	1487729.525	1426820.408	174.323	20.520	14.552	10.243	2070864.172	125.179	2104593.610	2023932.999	208.287	16.675	14.796	9.163	1718772.385	90.308	1742539.312	1681746.687	151.632	5.696	5.395	3.740	
01.07.2029	2886513.031	130.345	2919370.991	2829316.120	223.719	4.229	2.593	1.648	2666671.864	109.112	2694103.893	2615750.439	191.455	6.860	4.941	2.123	3509370.095	164.687	3552892.000	3441595.005	279.571	11.200	7.851	5.212	2915121.692	133.781	2950908.307	2860626.787	226.843	11.025	8.738	5.314	8095841.089	397.105	8194276.018	7931769.982	662.419	10.858	8.575	4.638	3353750.026	189.691	3405791.417	3281926.871	317.813	15.498	10.483	7.053	5178862.580	420.796	5274264.234	5058190.114	617.727	20.460	14.489	10.195	7344644.291	443.035	7463939.897	7178296.054	737.409	16.604	14.726	9.119	6038420.749	317.565	6122026.897	5908292.509	533.155	5.665	5.366	3.724	
21.07.2029	708003.486	31.958	716049.932	693966.938	54.856	4.247	2.567	1.621	654816.995	26.798	661557.582	642315.504	47.019	6.938	4.999	2.124	856789.261	40.211	867436.385	840261.626	68.261	11.235	7.875	5.229	701982.571	32.167	710597.038	688892.670	54.537	11.018	8.730	5.308	1944081.797	95.326	1967714.564	1904687.989	159.033	10.855	8.575	4.643	804837.618	45.423	817323.247	787655.671	76.111	15.492	10.463	7.038	1248777.680	101.395	1271793.989	1219677.377	148.925	20.479	14.493	10.198	1793352.721	108.441	1822588.207	1752719.785	180.426	16.698	14.795	9.137	1457732.172	76.678	1477909.950	1426304.473	128.731	5.672	5.372	3.725	
01.10.2029	2525614.495	114.115	2554354.508	2475530.478	195.838	4.233	2.565	1.621	2362126.152	96.676	2386445.247	2317029.352	169.624	6.954	5.015	2.136	3042674.316	142.669	3080457.095	2984042.100	242.187	11.223	7.911	5.252	2476795.542	113.226	2507092.482	2430714.360	191.935	10.963	8.713	5.321	6920365.857	338.873	7004233.348	6780020.503	565.592	10.802	8.538	4.649	2849191.030	160.169	2893245.188	2788590.136	268.425	15.417	10.460	7.038	4489268.297	363.892	4571935.061	4384465.547	535.119	20.446	14.449	10.165	6462593.215	390.180	6567839.267	6316335.307	649.347	16.671	14.762	9.110	5228677.567	275.048	5301055.349	5115946.244	461.761	5.671	5.372	3.729	
21.10.2029	868316.895	39.406	878249.358	851074.505	67.565	4.176	2.530	1.597	808003.602	33.058	816312.620	792572.777	58.007	6.807	4.889	2.092	1077535.248	50.289	1090829.568	1056850.071	85.354	11.111	7.752	5.145	883651.129	40.327	894435.069	867237.405	68.351	10.923	8.639	5.244	2456107.746	119.907	2485802.519	2406338.226	200.330	10.760	8.476	4.564	1003922.561	56.256	1019403.484	982634.456	94.290	15.356	10.392	6.988	1583132.448	128.057	1612223.354	1546065.644	188.593	20.370	14.397	10.126	2214755.210	132.531	2250536.644	2164902.084	220.853	16.468	14.608	9.066	1975189.636	104.030	2002567.317	1932572.527	174.625	5.639	5.317	3.619	
01.01.2030	3033840.800	138.131	3068763.343	2973619.427	236.682	4.109	2.519	1.597	2854821.293	116.852	2884164.196	2800265.473	205.018	6.691	4.792	2.065	3724034.796	173.204	3769615.824	3652605.700	293.925	10.973	7.713	5.121	3128147.115	142.447	3166130.465	3070085.568	241.394	10.835	8.575	5.216	8787107.283	428.029	8892811.042	8608816.036	715.638	10.673	8.393	4.513	3585023.862	199.979	3639964.284	3509209.594	335.227	15.216	10.298	6.921	5688688.179	458.952	5792863.016	5554939.770	677.141	20.247	14.297	10.050	7854388.816	467.171	7980353.910	7678034.009	779.143	16.284	14.450	8.993	7005315.488	369.556	7102693.978	6854128.541	620.226	5.572	5.254	3.585	
21.01.2030	833956.940	38.092	843573.482	817367.275	65.226	4.091	2.477	1.560	784349.880	32.137	792411.318	769346.715	56.371	6.668	4.767	2.044	1018688.101	47.252	1031140.897	999224.308	80.175	10.952	7.760	5.153	861062.870	39.122	871504.670	845134.521	66.284	10.813	8.569	5.223	2430514.653	118.127	2459714.151	2381242.917	197.650	10.650	8.369	4.492	988236.690	54.881	1003356.438	967461.486	92.007	15.180	10.250	6.885	1577506.904	126.994	1606375.367	1540350.360	187.655	20.223	14.274	10.033	2165242.274	128.241	2199922.347	2116848.934	213.997	16.252	14.421	8.978	1920822.029	101.497	1947541.996	1879298.291	170.311	5.555	5.238	3.572	
01.04.2030	2861603.349	130.981	2894757.713	2804714.280	224.189	4.042	2.468	1.560	2716966.697	111.401	2744889.859	2664962.086	195.372	6.600	4.713	2.034	3540186.771	163.901	3583276.825	3472583.567	278.072	10.877	7.660	5.087	2989445.295	135.570	3025533.901	2934176.730	229.657	10.734	8.499	5.178	8467087.226	410.862	8568356.632	8295196.286	687.816	10.573	8.301	4.450	3422064.411	189.392	3474135.088	3350236.880	317.531	15.059	10.120	6.788	5514171.400	443.158	5614856.382	5383950.501	655.602	20.143	14.200	9.977	7540456.732	445.259	7660742.049	7372110.209	743.276	16.152	14.326	8.921	6685969.201	353.737	6779202.507	6541422.789	593.482	5.501	5.187	3.545	
21.04.2030	752460.758	34.488	761177.030	737479.825	59.014	4.044	2.437	1.531	717787.734	29.429	725164.728	704049.320	51.613	6.632	4.726	2.008	928512.815	42.938	939821.722	910825.429	72.843	10.888	7.702	5.115	778765.359	35.248	788159.389	764413.087	59.700	10.721	8.495	5.182	2209482.932	107.109	2235890.666	2164642.105	179.369	10.560	8.286	4.432	893983.817	49.309	907574.736	875311.405	82.674	15.039	10.150	6.813	1444910.589	115.967	1471294.138	1410762.413	171.722	20.144	14.193	9.971	1987080.531	117.253	2018827.430	1942807.385	195.749	16.190	14.352	8.927	1728074.286	91.530	1752176.813	1690665.383	153.545	5.496	5.182	3.540	
01.07.2030	2640136.459	121.156	2670806.880	2587596.310	207.265	4.015	2.432	1.531	2540220.964	104.170	2566327.622	2491592.374	182.684	6.608	4.708	2.008	3281093.148	151.582	3320969.813	3218612.446	257.141	10.851	7.695	5.112	2733830.582	123.532	2766683.352	2683482.448	209.194	10.655	8.461	5.180	7787270.976	377.181	7880001.671	7628992.288	631.818	10.496	8.239	4.427	3134475.613	172.402	3181922.509	3069104.104	289.063	14.945	10.121	6.796	5124155.653	410.754	5217585.464	5002843.386	608.750	20.093	14.137	9.929	7047782.312	415.239	7160136.605	6890829.728	693.348	16.136	14.303	8.903	6059622.313	321.192	6144255.307	5928436.558	538.766	5.466	5.157	3.537	
21.07.2030	647901.847	29.718	655415.228	635001.278	50.844	4.033	2.408	1.505	623582.903	25.542	629992.234	611658.608	44.806	6.685	4.766	2.011	795607.470	36.766	805296.994	780470.122	62.370	10.887	7.696	5.112	656140.863	29.608	664023.184	644086.210	50.132	10.649	8.448	5.166	1870950.096	90.602	1893224.830	1832923.630	151.779	10.492	8.233	4.415	746841.845	40.996	758144.868	731315.567	68.737	14.941	10.160	6.827	1235595.780	98.991	1258137.789	1206347.145	146.765	20.113	14.143	9.933	1719029.482	101.524	1746536.074	1680726.229	169.474	16.228	14.368	8.915	1454245.704	77.099	1474550.448	1422747.570	129.323	5.473	5.163	3.539	
01.10.2030	2327620.852	106.783	2354634.995	2281288.117	182.687	4.025	2.407	1.505	2253813.665	92.280	2276980.399	2210732.405	161.894	6.710	4.789	2.022	2896870.181	133.786	2932125.089	2841787.475	226.947	10.874	7.677	5.099	2343740.486	105.619	2371814.519	2300708.627	178.812	10.599	8.429	5.173	6707441.147	324.614	6787084.530	6570966.594	543.909	10.446	8.194	4.396	2684027.110	147.042	2724524.714	2628288.179	246.542	14.875	10.164	6.834	4445175.929	355.892	4526221.677	4339864.346	527.890	20.091	14.107	9.906	6206495.157	366.538	6305757.062	6068159.405	611.861	16.215	14.351	8.901	5238649.440	277.727	5311792.498	5125186.654	465.848	5.473	5.163	3.539	
21.10.2030	797535.543	36.749	806840.932	781639.395	62.815	3.972	2.375	1.483	771082.651	31.654	779007.544	756307.926	55.497	6.565	4.665	1.981	1005266.613	46.228	1017427.336	986223.417	78.399	10.770	7.562	5.025	822806.559	36.990	832641.380	807748.671	62.608	10.561	8.375	5.122	2360976.145	113.946	2388947.588	2312973.618	191.104	10.406	8.147	4.340	947917.940	51.714	962181.333	928331.604	86.706	14.816	10.006	6.710	1566754.751	125.106	1595258.096	1529525.778	185.904	20.014	14.056	9.867	2129543.915	124.524	2163319.903	2082430.884	208.097	16.012	14.189	8.842	1850759.228	98.231	1876632.658	1810646.806	164.748	5.446	5.134	3.512	
01.01.2031	2795168.069	129.158	2827975.014	2739490.794	220.649	3.914	2.365	1.483	2724275.244	111.989	2752284.229	2672020.005	196.281	6.451	4.572	1.957	3489557.451	160.009	3531445.305	3423470.151	271.305	10.636	7.510	4.995	2931042.395	131.508	2965911.332	2877441.801	222.541	10.479	8.303	5.080	8457052.565	407.394	8556775.111	8284877.395	683.691	10.323	8.068	4.282	3355549.205	182.346	3405736.886	3286374.328	305.713	14.688	9.917	6.647	5630035.898	448.413	5732108.041	5495750.019	667.467	19.894	13.959	9.793	7548642.059	438.773	7667503.449	7382156.700	733.685	15.839	14.046	8.780	6617189.185	351.770	6709966.001	6473745.721	589.864	5.385	5.076	3.480	
01.04.2031	3408798.803	158.156	3449039.006	3340848.310	269.970	3.859	2.326	1.453	3341459.288	137.589	3375832.333	3277287.619	241.053	6.365	4.496	1.927	4284140.508	195.701	4335299.308	4203293.563	331.730	10.545	7.526	5.009	3610033.833	161.478	3652750.887	3544180.777	273.163	10.385	8.248	5.066	10475656.202	503.179	10598526.916	10262190.406	845.272	10.229	7.977	4.210	4127162.560	222.730	4188465.534	4042665.918	373.364	14.542	9.884	6.630	7016538.780	556.860	7143379.300	6848551.379	830.862	19.793	13.864	9.721	9300728.726	537.083	9446383.138	9096700.809	898.594	15.711	13.929	8.706	8095980.912	431.489	8209852.921	7920255.920	723.332	5.320	5.014	3.440	
01.07.2031	3152792.516	146.547	3190084.531	3089901.604	250.064	3.840	2.292	1.422	3115269.490	128.295	3147313.397	3055431.108	224.762	6.375	4.490	1.895	3960989.183	180.622	4008228.903	3886419.676	306.127	10.523	7.492	4.987	3298958.439	147.176	3337832.196	3238928.208	248.894	10.311	8.197	5.046	9612683.597	460.991	9724989.926	9416595.535	774.825	10.159	7.923	4.196	3756772.145	201.625	3812296.584	3680322.716	337.926	14.439	9.890	6.640	6499371.027	514.552	6616705.107	6343446.252	768.989	19.747	13.805	9.676	8672551.388	499.888	8808320.662	8482755.961	836.490	15.703	13.910	8.689	7404301.469	395.304	7508621.584	7243407.248	662.543	5.286	4.980	3.418	
01.10.2031	2764036.866	128.414	2796675.599	2708873.674	219.143	3.856	2.278	1.405	2751287.936	113.148	2779571.631	2698490.895	198.292	6.475	4.569	1.908	3468292.395	158.083	3509701.099	3403098.509	267.916	10.542	7.391	4.920	2814342.020	125.270	2847405.494	2763261.950	211.789	10.258	8.144	5.008	8225226.650	394.193	8321072.085	8057275.126	662.699	10.113	7.895	4.209	3192116.830	170.616	3239144.187	3127479.518	285.908	14.372	9.788	6.563	5619333.247	444.294	5720784.857	5484449.935	664.574	19.749	13.777	9.655	7627880.506	440.522	7747686.393	7460875.180	737.034	15.779	13.940	8.674	6450149.872	344.552	6541014.961	6309877.725	577.445	5.288	4.978	3.402	
01.01.2032	3362252.007	157.127	3402391.631	3295182.822	267.835	3.755	2.232	1.378	3348920.416	138.199	3383418.527	3284525.496	241.996	6.224	4.356	1.839	4217361.598	191.053	4267086.926	4138355.168	323.623	10.322	7.376	4.920	3526290.306	156.427	3567455.208	3462458.689	264.353	10.145	8.063	4.972	10383123.482	495.397	10503327.676	10171022.673	834.137	9.995	7.775	4.104	4013700.317	212.955	4072328.814	3932996.021	356.728	14.198	9.731	6.528	7117184.610	560.050	7244956.524	6945335.314	840.300	19.557	13.633	9.546	9237270.212	526.292	9380196.188	9036850.514	881.398	15.433	13.693	8.570	8160869.177	436.981	8276354.857	7983360.241	732.152	5.201	4.889	3.333	
01.01.2033	12494629.061	588.705	12646421.929	12245903.957	1001.916	3.601	2.119	1.296	12524828.863	518.543	12654363.683	12283792.649	907.304	5.983	4.140	1.732	16408309.292	735.949	16597827.310	16102732.955	1245.385	9.954	6.918	4.642	13728410.567	603.893	13885483.177	13480926.112	1019.402	9.781	7.673	4.683	40053284.925	1894.048	40507931.821	39231501.813	3199.175	9.634	7.379	3.722	12887219.765	673.117	13071692.134	12631765.589	1126.366	13.794	13.829	0.000	27377574.873	2135.084	27864007.781	26709674.827	3221.698	19.211	13.296	9.291	35271508.838	1978.395	35807019.492	34514088.192	3315.805	15.010	13.268	8.278	30016389.872	1617.511	30446586.984	29363490.846	2708.176	4.970	4.672	3.214	
01.01.2034	11679440.288	558.338	11823553.094	11445637.341	947.607	3.470	2.010	1.217	11867446.295	493.390	11990823.921	11638824.885	862.443	5.770	3.946	1.621	15108975.955	670.356	15280774.561	14830772.061	1132.937	9.666	6.805	4.593	12499721.435	543.442	12640305.969	12277396.586	915.720	9.459	7.505	4.637	38212384.087	1788.905	38638854.568	37426912.785	3032.624	9.309	7.082	3.556	0.000	0.000	0.000	0.000	0.000	13.353	13.387	0.000	26980216.661	2076.027	27454693.230	26315140.259	3158.429	18.878	12.974	9.048	33392523.732	1836.034	33890637.619	32689149.842	3078.436	14.632	12.957	8.112	28025690.928	1523.470	28432343.228	27414097.176	2548.207	4.766	4.468	3.073	
01.01.2035	11049569.959	539.657	11187833.577	10825274.498	912.266	3.357	1.911	1.145	11302966.671	471.714	11421220.317	11085198.953	823.823	5.573	3.769	1.528	19148843.480	830.072	19358646.329	18804771.240	1398.078	8.934	4.576	2.608	17300225.415	740.444	17490534.015	16998558.852	1244.225	9.018	5.920	2.652	36303196.657	1683.063	36701200.887	35555167.724	2863.508	8.948	6.760	3.406	0.000	0.000	0.000	0.000	0.000	12.824	12.856	0.000	26639405.130	2022.677	27102946.968	25976749.477	3101.266	18.544	12.656	8.805	36293254.131	1934.956	36817989.396	35551698.140	3242.152	13.992	12.086	7.317	26268892.507	1439.218	26654289.559	25693954.479	2405.143	4.594	4.311	2.989	
01.01.2036	10597408.454	527.069	10731673.963	10379755.445	888.088	3.260	1.818	1.077	10817671.041	452.959	10931662.648	10609426.004	790.465	5.391	3.608	1.435	17892653.155	768.546	18085750.688	17574426.705	1292.375	8.601	4.354	2.479	16343041.174	692.599	16519972.746	16061471.376	1161.542	8.673	5.635	2.513	34453738.062	1586.630	34825646.317	33741521.949	2706.261	8.606	6.456	3.264	0.000	0.000	0.000	0.000	0.000	12.352	12.383	0.000	26332988.165	1976.508	26786581.446	25673144.023	3049.983	18.235	12.362	8.582	34738277.303	1813.497	35230713.206	34045513.878	3034.537	13.605	11.728	7.101	25102564.091	1383.618	25474498.412	24552439.838	2310.652	4.450	4.169	2.879	
01.01.2037	10254800.539	520.733	10386189.879	10040898.878	874.265	3.175	1.731	1.013	10353993.170	434.950	10463946.249	10154917.136	758.475	5.223	3.462	1.352	16861820.526	718.209	17041497.351	16565080.420	1205.792	8.292	4.140	2.352	15473024.057	651.501	15638309.990	15208134.204	1091.116	8.355	5.370	2.386	32844584.492	1504.357	33194540.119	32163760.407	2571.226	8.290	6.170	3.124	0.000	0.000	0.000	0.000	0.000	11.911	11.941	0.000	26085831.449	1935.195	26530611.968	25428039.459	3004.922	17.932	12.069	8.360	33386142.112	1710.166	33850368.117	32735146.827	2856.344	13.238	11.408	6.932	24371400.402	1350.575	24735904.789	23836893.952	2254.094	4.318	4.037	2.770	
01.01.2038	9819691.342	508.100	9946782.627	9611921.968	850.389	3.100	1.673	0.973	9854153.389	416.199	9959646.446	9664575.064	724.876	5.070	3.336	1.293	15841390.047	670.182	16008451.079	15565046.636	1123.601	8.008	3.955	2.255	14572551.719	610.021	14726525.446	14324738.802	1020.315	8.063	5.138	2.295	31164700.125	1419.564	31493287.404	30517831.422	2431.489	8.001	5.914	3.006	0.000	0.000	0.000	0.000	0.000	11.500	11.528	0.000	25685005.730	1882.556	26118567.175	25033966.177	2941.284	17.642	11.787	8.148	31930082.258	1607.640	32365829.002	31320390.410	2679.190	12.890	11.081	6.739	23425472.357	1305.032	23779314.141	22911591.986	2176.781	4.185	3.906	2.675	
01.01.2039	9470793.497	498.206	9594485.001	9267864.841	831.623	3.033	1.619	0.934	9441009.504	402.524	9542934.530	9258623.967	699.552	4.926	3.215	1.233	14975874.089	629.741	15132485.763	14716870.281	1054.417	7.740	3.767	2.147	13823122.866	575.520	13967897.410	13589760.691	961.386	7.792	4.911	2.193	29652695.223	1344.203	29962741.328	29036768.667	2306.765	7.735	5.691	2.901	0.000	0.000	0.000	0.000	0.000	11.113	11.141	0.000	25370142.655	1838.527	25794187.370	24724384.386	2888.401	17.366	11.522	7.949	30709659.482	1521.009	31121141.373	30135375.580	2528.305	12.557	10.780	6.580	22608529.879	1266.052	22953601.509	22112720.223	2110.527	4.050	3.766	2.554	
01.01.2040	9231702.768	491.872	9352975.772	9031793.314	819.416	2.992	1.574	0.897	9067232.241	390.889	9165978.648	8891086.410	677.640	4.790	3.099	1.172	14232060.190	595.533	14380396.860	13988197.416	996.023	7.619	3.769	2.059	13144978.262	544.462	13281708.001	12924855.160	908.351	7.540	4.704	2.108	28201006.652	1272.740	28493976.599	27615219.048	2187.984	7.487	5.480	2.793	0.000	0.000	0.000	0.000	0.000	10.752	10.778	0.000	25054256.677	1795.782	25468973.413	24414410.238	2835.738	17.101	11.268	7.756	29612457.595	1443.696	30002217.600	29070217.278	2392.811	12.238	10.484	6.419	21982288.942	1237.640	22321461.195	21500391.990	2061.903	3.915	3.641	2.487	
01.01.2041	9155860.179	492.192	9276884.037	8956370.537	818.840	2.948	1.523	0.856	8740024.285	380.697	8836044.265	8569394.791	658.462	4.665	2.992	1.119	13296437.631	554.445	13434226.630	13069656.538	926.550	7.375	3.906	1.962	12551638.476	517.641	12681528.495	12342981.742	862.655	7.305	4.509	2.014	26954837.367	1211.136	27233530.047	26395389.252	2085.791	7.257	5.280	2.687	0.000	0.000	0.000	0.000	0.000	10.411	10.437	0.000	24808421.091	1758.301	25215102.989	24173291.002	2790.472	16.843	11.021	7.568	28639296.704	1375.053	29009757.126	28125995.563	2271.667	11.932	10.199	6.267	21062818.082	1191.858	21390961.951	20601113.434	1984.495	3.798	3.524	2.395	
01.01.2042	8936970.435	485.497	9055878.297	8740730.677	806.442	2.902	1.480	0.825	8403258.475	369.457	8496384.193	8238535.724	637.722	4.549	2.893	1.071	11953506.260	497.641	12076892.605	11749913.726	831.307	7.158	3.947	1.878	11912730.429	490.296	12035567.186	11715233.991	816.655	7.085	4.344	1.931	25671134.483	1151.660	25935688.672	25138070.226	1984.604	7.042	5.104	2.619	0.000	0.000	0.000	0.000	0.000	10.093	10.118	0.000	24442667.113	1714.117	24839613.386	23815808.674	2732.628	16.600	10.792	7.395	27596009.788	1307.030	27947012.187	27110719.908	2152.320	11.638	9.923	6.118	20294516.229	1153.375	20613630.288	19849990.381	1919.474	3.689	3.420	2.318	
01.01.2043	8765361.243	480.772	8882676.267	8571492.875	797.477	2.861	1.439	0.794	8121910.849	360.189	8212690.733	7962138.758	620.570	4.441	2.801	1.025	11094042.808	461.079	11208274.294	10905558.617	769.914	6.966	3.909	1.796	11346151.089	467.460	11462886.487	11157305.501	778.837	6.880	4.185	1.848	24563279.914	1100.964	24815925.625	24053065.530	1897.932	6.840	4.931	2.534	0.000	0.000	0.000	0.000	0.000	9.792	9.816	0.000	24138378.091	1674.001	24526701.170	23518799.987	2680.769	16.361	10.563	7.224	26666070.023	1247.937	26999946.483	26204932.587	2048.611	11.366	9.679	5.980	19519745.332	1118.634	19829626.075	19090325.858	1859.866	3.579	3.312	2.235	
01.01.2044	8641029.891	477.831	8757253.269	8448718.895	791.678	2.827	1.397	0.761	7884347.722	352.366	7973161.529	7728767.172	606.097	4.348	2.720	0.981	10426266.289	432.804	10533468.279	10249478.462	722.487	6.781	3.819	1.712	10835045.605	446.934	10946411.044	10654068.121	744.873	6.686	4.024	1.758	23504907.509	1052.282	23746481.516	23016905.648	1814.888	6.651	4.776	2.454	0.000	0.000	0.000	0.000	0.000	9.508	9.531	0.000	23813444.196	1632.564	24192931.493	23202232.307	2626.025	16.127	10.337	7.055	25678458.655	1187.995	25995200.196	25241806.988	1943.909	11.107	9.441	5.828	18625931.240	1088.190	18924257.797	18208130.246	1805.165	3.480	3.218	2.170	
01.01.2045	8578467.517	477.597	8694368.407	8386596.244	790.540	2.796	1.357	0.729	7689201.911	345.950	7776467.599	7537124.160	594.229	4.262	2.648	0.938	9894452.975	410.667	9996141.419	9726695.129	685.510	6.607	3.722	1.638	10406432.815	429.709	10513400.986	10232174.627	716.361	6.504	3.873	1.678	22595443.342	1010.086	22827730.072	22126872.602	1743.168	6.473	4.630	2.383	0.000	0.000	0.000	0.000	0.000	9.239	9.262	0.000	23571348.806	1599.062	23943575.768	22966596.914	2582.032	15.908	10.131	6.901	24799459.892	1134.979	25101008.352	24384557.551	1851.091	10.860	9.230	5.708	18021391.449	1072.644	18312656.438	17609677.267	1775.473	3.381	3.120	2.096	
01.01.2046	8473591.795	474.764	8588565.859	8283182.799	785.161	2.767	1.319	0.699	7463220.307	337.896	7548535.816	7315310.173	579.640	4.183	2.580	0.899	9379635.136	389.307	9476077.937	9220644.489	649.857	6.434	3.601	1.563	9954839.173	411.468	10057270.083	9787848.627	686.126	6.333	3.724	1.597	21604277.113	964.416	21826631.303	21156964.660	1665.335	6.305	4.495	2.320	0.000	0.000	0.000	0.000	0.000	8.985	9.007	0.000	23193481.947	1556.593	23556399.970	22599089.366	2522.842	15.691	9.925	6.749	23857230.396	1080.560	24143388.166	23464529.281	1756.436	10.622	9.009	5.573	17462215.075	1056.768	17746591.193	17056596.623	1745.745	3.300	3.032	2.020	
01.01.2047	8398618.468	473.337	8513030.494	8209079.417	782.176	2.740	1.284	0.670	7284960.763	331.761	7368833.124	7140337.486	568.432	4.107	2.515	0.860	8998614.576	373.506	9091272.562	8846204.734	623.483	6.260	3.451	1.487	9586483.343	396.603	9685308.523	9425504.828	661.490	6.169	3.580	1.519	20757717.279	925.606	20971775.042	20328681.012	1599.063	6.147	4.363	2.256	0.000	0.000	0.000	0.000	0.000	8.743	8.765	0.000	22879642.977	1518.458	23234270.875	22294364.405	2470.060	15.472	9.708	6.589	23039782.512	1033.309	23312523.785	22666458.163	1673.986	10.392	8.808	5.462	17414313.019	1067.435	17699600.475	17004656.528	1760.673	3.237	2.967	1.968	
01.01.2048	8345630.342	472.651	8459646.943	8156558.984	780.532	2.721	1.251	0.643	7119689.855	325.970	7202205.343	6978138.274	557.905	4.039	2.454	0.823	8720634.230	361.995	8810644.300	8573122.527	604.277	6.090	3.264	1.415	9232913.368	382.298	9328339.845	9077805.979	637.762	6.016	3.457	1.453	20098326.701	895.070	20306127.653	19683830.007	1547.142	5.998	4.222	2.165	0.000	0.000	0.000	0.000	0.000	8.515	8.536	0.000	22572767.672	1482.225	22919581.416	21996770.751	2419.056	15.274	9.514	6.446	22264897.944	989.172	22525237.316	21909774.831	1597.033	10.174	8.619	5.361	17372555.974	1075.996	17658679.923	16959817.752	1772.582	3.181	2.904	1.911	
01.01.2049	8376220.996	475.655	8490751.106	8185969.806	785.211	2.716	1.225	0.617	6994351.423	321.773	7075894.516	6855100.499	550.189	3.979	2.405	0.799	8515289.561	353.522	8603470.465	8371496.035	590.149	5.924	3.074	1.347	8903394.697	368.945	8995708.362	8753835.090	615.605	5.872	3.342	1.392	19400365.615	863.052	19601584.967	19001198.997	1492.493	5.858	4.105	2.109	0.000	0.000	0.000	0.000	0.000	8.298	8.318	0.000	22329426.358	1450.746	22669380.789	21761240.711	2374.996	15.071	9.310	6.296	21585101.451	951.484	21834515.675	21245006.730	1531.656	9.961	8.419	5.244	17334232.293	1083.754	17621115.290	16918725.596	1783.345	3.131	2.846	1.858	
01.01.2050	8410052.983	478.017	8525223.213	8219007.308	789.016	2.705	1.199	0.593	6842852.069	316.182	6923117.614	6706504.228	540.158	3.920	2.351	0.767	8295739.853	344.600	8381990.024	8155813.908	575.329	5.768	2.867	1.277	8562515.332	355.329	8651623.011	8418517.537	593.094	5.736	3.229	1.329	18712134.774	831.354	18906924.989	18328186.700	1438.483	5.726	3.992	2.055	0.000	0.000	0.000	0.000	0.000	8.092	8.112	0.000	21988461.518	1414.729	22320460.362	21430694.453	2322.208	14.890	9.134	6.166	20886743.284	914.518	21125430.338	20560965.498	1468.281	9.759	8.234	5.137	17375947.674	1095.540	17664816.133	16956160.610	1800.906	3.085	2.790	1.804	
01.01.2051	8402731.906	479.019	8518086.694	8211485.236	790.361	2.689	1.171	0.570	6713782.844	311.575	6793020.025	6579899.385	531.827	3.861	2.298	0.733	8092984.009	337.410	8177514.689	7955680.187	563.821	5.621	2.658	1.209	8261614.534	343.654	8347946.659	8122249.105	573.937	5.607	3.120	1.269	18106918.561	803.379	18296174.002	17736504.142	1390.891	5.601	3.884	2.002	0.000	0.000	0.000	0.000	0.000	7.897	7.916	0.000	21708167.816	1383.912	22033264.582	21159239.154	2276.995	14.715	8.959	6.039	20203998.468	878.930	20432563.831	19892103.572	1407.464	9.570	8.069	5.030	17528427.021	1112.832	17820715.533	17102026.326	1827.795	3.054	2.748	1.757	