	12202								13101								13202								21702								22408-1								22702-1								25004								
	dry_gas	stab_cond	res_gas	gas_sep	nestab_cond	wbp	wbhp	wthp	dry_gas	stab_cond	res_gas	gas_sep	nestab_cond	wbp	wbhp	wthp	dry_gas	stab_cond	res_gas	gas_sep	nestab_cond	wbp	wbhp	wthp	dry_gas	stab_cond	res_gas	gas_sep	nestab_cond	wbp	wbhp	wthp	dry_gas	stab_cond	res_gas	gas_sep	nestab_cond	wbp	wbhp	wthp	dry_gas	stab_cond	res_gas	gas_sep	nestab_cond	wbp	wbhp	wthp	dry_gas	stab_cond	res_gas	gas_sep	nestab_cond	wbp	wbhp	wthp	
01.01.2021	0.000	0.000	0.000	0.000	0.000	8.543	8.557	0.000	0.000	0.000	0.000	0.000	0.000	16.860	16.902	0.000	0.000	0.000	0.000	0.000	0.000	15.214	15.236	0.000	7609601.000	448.635	7731270.516	7463177.414	715.953	16.209	14.608	7.124	0.000	0.000	0.000	0.000	0.000	0.000	0.000	0.000	0.000	0.000	0.000	0.000	0.000	0.000	0.000	0.000	3581182.000	301.696	3653045.491	3505862.984	431.231	23.861	16.942	11.411	
01.02.2021	0.000	0.000	0.000	0.000	0.000	8.542	8.555	0.000	0.000	0.000	0.000	0.000	0.000	16.792	16.836	0.000	0.000	0.000	0.000	0.000	0.000	15.167	15.189	0.000	7482997.000	439.717	7602374.534	7339114.946	702.085	16.154	14.577	7.226	0.000	0.000	0.000	0.000	0.000	0.000	0.000	0.000	0.000	0.000	0.000	0.000	0.000	0.000	0.000	0.000	3316005.855	278.094	3382459.597	3245826.970	398.949	23.804	17.044	11.478	
01.03.2021	0.000	0.000	0.000	0.000	0.000	8.535	8.549	0.000	0.000	0.000	0.000	0.000	0.000	16.746	16.791	0.000	0.000	0.000	0.000	0.000	0.000	15.126	15.148	0.000	6870024.000	402.141	6979354.539	6738060.432	642.487	16.094	14.486	6.978	0.000	0.000	0.000	0.000	0.000	0.000	0.000	0.000	0.000	0.000	0.000	0.000	0.000	0.000	0.000	0.000	0.000	0.000	0.000	0.000	0.000	24.610	24.628	0.000	
01.04.2021	0.000	0.000	0.000	0.000	0.000	8.527	8.540	0.000	0.000	0.000	0.000	0.000	0.000	16.699	16.745	0.000	0.000	0.000	0.000	0.000	0.000	15.081	15.103	0.000	7522274.000	438.954	7641694.310	7377845.525	701.659	16.035	14.441	7.017	0.000	0.000	0.000	0.000	0.000	0.000	0.000	0.000	0.000	0.000	0.000	0.000	0.000	0.000	0.000	0.000	0.000	0.000	0.000	0.000	0.000	24.828	24.858	0.000	
01.05.2021	0.000	0.000	0.000	0.000	0.000	8.515	8.528	0.000	0.000	0.000	0.000	0.000	0.000	16.655	16.701	0.000	0.000	0.000	0.000	0.000	0.000	15.059	15.081	0.000	2719482.150	160.046	2762962.841	2667224.951	255.481	16.208	14.656	7.429	0.000	0.000	0.000	0.000	0.000	0.000	0.000	0.000	0.000	0.000	0.000	0.000	0.000	0.000	0.000	0.000	0.000	0.000	0.000	0.000	0.000	24.887	24.917	0.000	
01.06.2021	0.000	0.000	0.000	0.000	0.000	8.503	8.517	0.000	0.000	0.000	0.000	0.000	0.000	16.611	16.657	0.000	0.000	0.000	0.000	0.000	0.000	15.035	15.057	0.000	3947073.965	232.281	4010155.728	3871204.506	370.792	16.198	14.586	7.054	0.000	0.000	0.000	0.000	0.000	0.000	0.000	0.000	0.000	0.000	0.000	0.000	0.000	0.000	0.000	0.000	0.000	0.000	0.000	0.000	0.000	24.879	24.909	0.000	
01.07.2021	0.000	0.000	0.000	0.000	0.000	8.482	8.496	0.000	0.000	0.000	0.000	0.000	0.000	16.569	16.615	0.000	0.000	0.000	0.000	0.000	0.000	14.997	15.018	0.000	7144470.000	416.901	7257905.353	7007309.875	666.409	16.038	14.473	7.210	0.000	0.000	0.000	0.000	0.000	0.000	0.000	0.000	0.000	0.000	0.000	0.000	0.000	0.000	0.000	0.000	0.000	0.000	0.000	0.000	0.000	24.848	24.878	0.000	
01.08.2021	0.000	0.000	0.000	0.000	0.000	8.471	8.484	0.000	0.000	0.000	0.000	0.000	0.000	16.526	16.572	0.000	0.000	0.000	0.000	0.000	0.000	14.954	14.976	0.000	7332333.900	426.015	7448364.130	7191659.467	681.472	15.958	14.398	7.175	0.000	0.000	0.000	0.000	0.000	0.000	0.000	0.000	0.000	0.000	0.000	0.000	0.000	0.000	0.000	0.000	0.000	0.000	0.000	0.000	0.000	24.803	24.833	0.000	
01.09.2021	0.000	0.000	0.000	0.000	0.000	8.465	8.479	0.000	0.000	0.000	0.000	0.000	0.000	16.483	16.529	0.000	0.000	0.000	0.000	0.000	0.000	14.918	14.939	0.000	6468023.381	375.291	6570271.858	6343958.825	600.469	15.933	14.387	7.241	0.000	0.000	0.000	0.000	0.000	0.000	0.000	0.000	0.000	0.000	0.000	0.000	0.000	0.000	0.000	0.000	0.000	0.000	0.000	0.000	0.000	24.752	24.782	0.000	
01.10.2021	0.000	0.000	0.000	0.000	0.000	8.479	8.492	0.000	0.000	0.000	0.000	0.000	0.000	16.443	16.489	0.000	0.000	0.000	0.000	0.000	0.000	14.902	14.923	0.000	3658791.126	213.296	3716843.879	3588563.265	341.005	16.022	14.532	7.656	0.000	0.000	0.000	0.000	0.000	0.000	0.000	0.000	0.000	0.000	0.000	0.000	0.000	0.000	0.000	0.000	0.000	0.000	0.000	0.000	0.000	24.699	24.729	0.000	
01.11.2021	0.000	0.000	0.000	0.000	0.000	8.457	8.470	0.000	0.000	0.000	0.000	0.000	0.000	16.403	16.449	0.000	0.000	0.000	0.000	0.000	0.000	14.870	14.892	0.000	6714637.200	388.785	6820613.309	6585884.080	622.284	15.895	14.466	7.894	0.000	0.000	0.000	0.000	0.000	0.000	0.000	0.000	0.000	0.000	0.000	0.000	0.000	0.000	0.000	0.000	0.000	0.000	0.000	0.000	0.000	24.639	24.669	0.000	
01.12.2021	0.000	0.000	0.000	0.000	0.000	8.432	8.446	0.000	0.000	0.000	0.000	0.000	0.000	16.365	16.411	0.000	0.000	0.000	0.000	0.000	0.000	14.836	14.857	0.000	6359883.000	367.123	6460022.073	6237987.976	587.924	15.838	14.437	8.000	0.000	0.000	0.000	0.000	0.000	0.000	0.000	0.000	0.000	0.000	0.000	0.000	0.000	0.000	0.000	0.000	0.000	0.000	0.000	0.000	0.000	24.574	24.604	0.000	
01.01.2022	0.000	0.000	0.000	0.000	0.000	8.407	8.421	0.000	0.000	0.000	0.000	0.000	0.000	16.326	16.372	0.000	0.000	0.000	0.000	0.000	0.000	14.794	14.815	0.000	7441267.900	427.223	7557947.000	7298770.154	684.833	15.740	14.136	6.739	0.000	0.000	0.000	0.000	0.000	0.000	0.000	0.000	0.000	0.000	0.000	0.000	0.000	0.000	0.000	0.000	0.000	0.000	0.000	0.000	0.000	24.503	24.533	0.000	
01.02.2022	0.000	0.000	0.000	0.000	0.000	8.375	8.389	0.000	0.000	0.000	0.000	0.000	0.000	16.287	16.333	0.000	0.000	0.000	0.000	0.000	0.000	14.750	14.771	0.000	8483223.005	483.960	8615577.517	8320925.128	776.690	15.624	13.773	4.678	0.000	0.000	0.000	0.000	0.000	0.000	0.000	0.000	0.000	0.000	0.000	0.000	0.000	0.000	0.000	0.000	0.000	0.000	0.000	0.000	0.000	24.432	24.462	0.000	
01.03.2022	0.000	0.000	0.000	0.000	0.000	8.348	8.361	0.000	0.000	0.000	0.000	0.000	0.000	16.250	16.296	0.000	0.000	0.000	0.000	0.000	0.000	14.709	14.729	0.000	7772703.988	441.478	7893543.560	7624087.624	709.104	15.542	13.656	4.168	0.000	0.000	0.000	0.000	0.000	0.000	0.000	0.000	0.000	0.000	0.000	0.000	0.000	0.000	0.000	0.000	0.000	0.000	0.000	0.000	0.000	24.367	24.397	0.000	
01.04.2022	0.000	0.000	0.000	0.000	0.000	8.320	8.334	0.000	0.000	0.000	0.000	0.000	0.000	16.208	16.254	0.000	0.000	0.000	0.000	0.000	0.000	14.664	14.685	0.000	8113086.012	459.419	8238902.509	7958018.166	738.352	15.484	13.706	5.210	0.000	0.000	0.000	0.000	0.000	0.000	0.000	0.000	0.000	0.000	0.000	0.000	0.000	0.000	0.000	0.000	0.000	0.000	0.000	0.000	0.000	24.297	24.327	0.000	
01.05.2022	0.000	0.000	0.000	0.000	0.000	8.291	8.304	0.000	0.000	0.000	0.000	0.000	0.000	16.167	16.213	0.000	0.000	0.000	0.000	0.000	0.000	14.622	14.643	0.000	7779288.990	439.067	7899602.333	7630662.671	706.099	15.422	13.655	5.256	0.000	0.000	0.000	0.000	0.000	0.000	0.000	0.000	0.000	0.000	0.000	0.000	0.000	0.000	0.000	0.000	0.000	0.000	0.000	0.000	0.000	24.230	24.260	0.000	
01.06.2022	0.000	0.000	0.000	0.000	0.000	8.262	8.275	0.000	0.000	0.000	0.000	0.000	0.000	16.124	16.170	0.000	0.000	0.000	0.000	0.000	0.000	14.581	14.601	0.000	7934419.992	446.417	8056814.625	7782889.265	718.369	15.364	13.615	5.366	0.000	0.000	0.000	0.000	0.000	0.000	0.000	0.000	0.000	0.000	0.000	0.000	0.000	0.000	0.000	0.000	0.000	0.000	0.000	0.000	0.000	24.161	24.191	0.000	
01.07.2022	0.000	0.000	0.000	0.000	0.000	8.239	8.252	0.000	0.000	0.000	0.000	0.000	0.000	16.082	16.128	0.000	0.000	0.000	0.000	0.000	0.000	14.540	14.560	0.000	7305525.990	410.245	7418015.654	7166014.771	660.417	15.323	13.659	6.035	0.000	0.000	0.000	0.000	0.000	0.000	0.000	0.000	0.000	0.000	0.000	0.000	0.000	0.000	0.000	0.000	0.000	0.000	0.000	0.000	0.000	24.094	24.124	0.000	
01.08.2022	0.000	0.000	0.000	0.000	0.000	8.210	8.223	0.000	0.000	0.000	0.000	0.000	0.000	16.038	16.084	0.000	0.000	0.000	0.000	0.000	0.000	14.497	14.517	0.000	7671507.000	429.334	7789323.737	7525092.919	691.627	15.264	13.558	5.637	0.000	0.000	0.000	0.000	0.000	0.000	0.000	0.000	0.000	0.000	0.000	0.000	0.000	0.000	0.000	0.000	0.000	0.000	0.000	0.000	0.000	24.025	24.055	0.000	
01.09.2022	0.000	0.000	0.000	0.000	0.000	8.264	8.277	0.000	0.000	0.000	0.000	0.000	0.000	15.995	16.042	0.000	0.000	0.000	0.000	0.000	0.000	14.496	14.516	0.000	248534.999	14.137	252403.937	243782.618	22.700	15.572	13.698	4.380	0.000	0.000	0.000	0.000	0.000	0.000	0.000	0.000	0.000	0.000	0.000	0.000	0.000	0.000	0.000	0.000	0.000	0.000	0.000	0.000	0.000	23.960	23.989	0.000	
01.10.2022	0.000	0.000	0.000	0.000	0.000	8.267	8.280	0.000	0.000	0.000	0.000	0.000	0.000	15.957	16.003	0.000	0.000	0.000	0.000	0.000	0.000	14.493	14.513	0.000	7831287.999	439.410	7951821.704	7681781.213	707.485	15.313	13.523	4.953	0.000	0.000	0.000	0.000	0.000	0.000	0.000	0.000	0.000	0.000	0.000	0.000	0.000	0.000	0.000	0.000	0.000	0.000	0.000	0.000	0.000	23.899	23.929	0.000	
08.10.2022	0.000	0.000	0.000	0.000	0.000	8.256	8.269	0.000	0.000	0.000	0.000	0.000	0.000	15.941	15.988	0.000	0.000	0.000	0.000	0.000	0.000	14.488	14.509	0.000	1180933.607	66.426	1199149.862	1158384.249	106.898	15.363	13.631	5.513	0.000	0.000	0.000	0.000	0.000	0.000	0.000	0.000	0.000	0.000	0.000	0.000	0.000	0.000	0.000	0.000	0.000	0.000	0.000	0.000	0.000	23.885	23.915	0.000	
01.11.2022	0.000	0.000	0.000	0.000	0.000	8.174	8.187	0.000	0.000	0.000	0.000	0.000	0.000	15.901	15.949	0.000	0.000	0.000	0.000	0.000	0.000	14.463	14.484	0.000	4048915.991	227.804	4111371.217	3971588.271	366.580	15.363	13.629	5.503	0.000	0.000	0.000	0.000	0.000	0.000	0.000	0.000	0.000	0.000	0.000	0.000	0.000	0.000	0.000	0.000	0.000	0.000	0.000	0.000	0.000	23.839	23.868	0.000	
08.11.2022	0.000	0.000	0.000	0.000	0.000	8.144	8.157	0.000	0.000	0.000	0.000	0.000	0.000	15.898	15.945	0.000	0.000	0.000	0.000	0.000	0.000	14.456	14.476	0.000	1663251.659	93.281	1688841.637	1631500.560	150.204	15.305	13.573	5.468	0.000	0.000	0.000	0.000	0.000	0.000	0.000	0.000	0.000	0.000	0.000	0.000	0.000	0.000	0.000	0.000	0.000	0.000	0.000	0.000	0.000	23.826	23.855	0.000	
01.12.2022	0.000	0.000	0.000	0.000	0.000	8.042	8.055	0.000	0.000	0.000	0.000	0.000	0.000	15.878	15.924	0.000	0.000	0.000	0.000	0.000	0.000	14.419	14.439	0.000	5438557.365	304.000	5522002.320	5334780.712	489.844	15.243	13.515	5.438	0.000	0.000	0.000	0.000	0.000	0.000	0.000	0.000	0.000	0.000	0.000	0.000	0.000	0.000	0.000	0.000	0.000	0.000	0.000	0.000	0.000	23.782	23.812	0.000	
08.12.2022	0.000	0.000	0.000	0.000	0.000	8.012	8.025	0.000	0.000	0.000	0.000	0.000	0.000	15.871	15.917	0.000	0.000	0.000	0.000	0.000	0.000	14.407	14.427	0.000	1653974.378	92.367	1679332.388	1622417.565	148.863	15.226	13.498	5.423	0.000	0.000	0.000	0.000	0.000	0.000	0.000	0.000	0.000	0.000	0.000	0.000	0.000	0.000	0.000	0.000	0.000	0.000	0.000	0.000	0.000	23.769	23.798	0.000	
01.01.2023	0.000	0.000	0.000	0.000	0.000	7.921	7.934	0.000	0.000	0.000	0.000	0.000	0.000	15.844	15.890	0.000	0.000	0.000	0.000	0.000	0.000	14.365	14.385	0.000	5645203.186	314.375	5731550.552	5537533.954	506.957	15.174	13.449	5.403	0.000	0.000	0.000	0.000	0.000	0.000	0.000	0.000	0.000	0.000	0.000	0.000	0.000	0.000	0.000	0.000	0.000	0.000	0.000	0.000	0.000	23.722	23.752	0.000	
08.01.2023	0.000	0.000	0.000	0.000	0.000	7.896	7.908	0.000	0.000	0.000	0.000	0.000	0.000	15.836	15.882	0.000	0.000	0.000	0.000	0.000	0.000	14.353	14.373	0.000	1642659.939	91.406	1667769.015	1611332.830	147.425	15.159	13.437	5.415	0.000	0.000	0.000	0.000	0.000	0.000	0.000	0.000	0.000	0.000	0.000	0.000	0.000	0.000	0.000	0.000	0.000	0.000	0.000	0.000	0.000	23.709	23.739	0.000	
01.02.2023	0.000	0.000	0.000	0.000	0.000	7.819	7.831	0.000	0.000	0.000	0.000	0.000	0.000	15.806	15.852	0.000	0.000	0.000	0.000	0.000	0.000	14.311	14.330	0.000	5605320.204	311.157	5690812.580	5498438.239	502.108	15.111	13.393	5.403	0.000	0.000	0.000	0.000	0.000	0.000	0.000	0.000	0.000	0.000	0.000	0.000	0.000	0.000	0.000	0.000	0.000	0.000	0.000	0.000	0.000	23.661	23.691	0.000	
08.02.2023	0.000	0.000	0.000	0.000	0.000	7.796	7.809	0.000	0.000	0.000	0.000	0.000	0.000	15.797	15.843	0.000	0.000	0.000	0.000	0.000	0.000	14.298	14.318	0.000	1634262.799	90.656	1659172.629	1603102.238	146.312	15.096	13.378	5.386	0.000	0.000	0.000	0.000	0.000	0.000	0.000	0.000	0.000	0.000	0.000	0.000	0.000	0.000	0.000	0.000	0.000	0.000	0.000	0.000	0.000	23.647	23.677	0.000	
01.03.2023	0.000	0.000	0.000	0.000	0.000	7.734	7.747	0.000	0.000	0.000	0.000	0.000	0.000	15.769	15.815	0.000	0.000	0.000	0.000	0.000	0.000	14.262	14.281	0.000	4884431.741	270.387	4958740.158	4791312.366	436.579	15.055	13.340	5.371	0.000	0.000	0.000	0.000	0.000	0.000	0.000	0.000	0.000	0.000	0.000	0.000	0.000	0.000	0.000	0.000	0.000	0.000	0.000	0.000	0.000	23.605	23.635	0.000	
08.03.2023	0.000	0.000	0.000	0.000	0.000	7.714	7.726	0.000	0.000	0.000	0.000	0.000	0.000	15.759	15.805	0.000	0.000	0.000	0.000	0.000	0.000	14.250	14.269	0.000	1626436.715	89.972	1651164.564	1595430.871	145.295	15.041	13.326	5.364	0.000	0.000	0.000	0.000	0.000	0.000	0.000	0.000	0.000	0.000	0.000	0.000	0.000	0.000	0.000	0.000	0.000	0.000	0.000	0.000	0.000	23.591	23.621	0.000	
01.04.2023	0.000	0.000	0.000	0.000	0.000	7.648	7.660	0.000	0.000	0.000	0.000	0.000	0.000	15.725	15.771	0.000	0.000	0.000	0.000	0.000	0.000	14.208	14.227	0.000	5557598.865	306.718	5641912.886	5451666.129	495.569	14.994	13.281	5.334	0.000	0.000	0.000	0.000	0.000	0.000	0.000	0.000	0.000	0.000	0.000	0.000	0.000	0.000	0.000	0.000	0.000	0.000	0.000	0.000	0.000	23.543	23.573	0.000	
08.04.2023	0.000	0.000	0.000	0.000	0.000	7.631	7.643	0.000	0.000	0.000	0.000	0.000	0.000	15.713	15.759	0.000	0.000	0.000	0.000	0.000	0.000	14.196	14.215	0.000	1458062.107	80.489	1480187.290	1430269.664	130.040	14.999	13.287	5.347	0.000	0.000	0.000	0.000	0.000	0.000	0.000	0.000	0.000	0.000	0.000	0.000	0.000	0.000	0.000	0.000	0.000	0.000	0.000	0.000	0.000	23.529	23.558	0.000	
01.05.2023	0.000	0.000	0.000	0.000	0.000	7.580	7.592	0.000	0.000	0.000	0.000	0.000	0.000	15.676	15.722	0.000	0.000	0.000	0.000	0.000	0.000	14.159	14.178	0.000	4778461.469	263.417	4850878.509	4687385.761	425.714	14.971	13.261	5.337	0.000	0.000	0.000	0.000	0.000	0.000	0.000	0.000	0.000	0.000	0.000	0.000	0.000	0.000	0.000	0.000	0.000	0.000	0.000	0.000	0.000	23.482	23.511	0.000	
08.05.2023	0.000	0.000	0.000	0.000	0.000	7.564	7.576	0.000	0.000	0.000	0.000	0.000	0.000	15.665	15.711	0.000	0.000	0.000	0.000	0.000	0.000	14.149	14.167	0.000	1453094.862	80.066	1475106.896	1425400.219	129.409	14.961	13.252	5.334	0.000	0.000	0.000	0.000	0.000	0.000	0.000	0.000	0.000	0.000	0.000	0.000	0.000	0.000	0.000	0.000	0.000	0.000	0.000	0.000	0.000	23.467	23.497	0.000	
01.06.2023	0.000	0.000	0.000	0.000	0.000	7.513	7.525	0.000	0.000	0.000	0.000	0.000	0.000	15.627	15.674	0.000	0.000	0.000	0.000	0.000	0.000	14.112	14.131	0.000	4968990.103	273.324	5044143.029	4874295.558	441.937	14.927	13.219	5.314	0.000	0.000	0.000	0.000	0.000	0.000	0.000	0.000	0.000	0.000	0.000	0.000	0.000	0.000	0.000	0.000	0.000	0.000	0.000	0.000	0.000	23.418	23.448	0.000	
08.06.2023	0.000	0.000	0.000	0.000	0.000	7.498	7.510	0.000	0.000	0.000	0.000	0.000	0.000	15.616	15.663	0.000	0.000	0.000	0.000	0.000	0.000	14.102	14.120	0.000	1449420.883	79.686	1471332.242	1421800.008	128.859	14.917	13.208	5.297	0.000	0.000	0.000	0.000	0.000	0.000	0.000	0.000	0.000	0.000	0.000	0.000	0.000	0.000	0.000	0.000	0.000	0.000	0.000	0.000	0.000	23.404	23.434	0.000	
01.07.2023	0.000	0.000	0.000	0.000	0.000	7.449	7.461	0.000	0.000	0.000	0.000	0.000	0.000	15.580	15.627	0.000	0.000	0.000	0.000	0.000	0.000	14.067	14.086	0.000	4746557.704	260.511	4818199.211	4656114.187	421.428	14.883	13.177	5.288	0.000	0.000	0.000	0.000	0.000	0.000	0.000	0.000	0.000	0.000	0.000	0.000	0.000	0.000	0.000	0.000	0.000	0.000	0.000	0.000	0.000	23.357	23.387	0.000	
08.07.2023	0.000	0.000	0.000	0.000	0.000	7.435	7.446	0.000	0.000	0.000	0.000	0.000	0.000	15.569	15.617	0.000	0.000	0.000	0.000	0.000	0.000	14.057	14.075	0.000	1443491.798	79.182	1465268.099	1415987.627	128.108	14.872	13.167	5.282	0.000	0.000	0.000	0.000	0.000	0.000	0.000	0.000	0.000	0.000	0.000	0.000	0.000	0.000	0.000	0.000	0.000	0.000	0.000	0.000	0.000	23.343	23.372	0.000	
01.08.2023	0.000	0.000	0.000	0.000	0.000	7.381	7.392	0.000	0.000	0.000	0.000	0.000	0.000	15.532	15.579	0.000	0.000	0.000	0.000	0.000	0.000	14.022	14.040	0.000	4926421.282	269.751	5000616.023	4832563.541	436.605	14.836	13.135	5.288	0.000	0.000	0.000	0.000	0.000	0.000	0.000	0.000	0.000	0.000	0.000	0.000	0.000	0.000	0.000	0.000	0.000	0.000	0.000	0.000	0.000	23.294	23.324	0.000	
08.08.2023	0.000	0.000	0.000	0.000	0.000	7.378	7.389	0.000	0.000	0.000	0.000	0.000	0.000	15.506	15.555	0.000	0.000	0.000	0.000	0.000	0.000	14.010	14.028	0.000	488585.194	26.887	495977.551	479273.691	43.469	14.935	13.227	5.318	0.000	0.000	0.000	0.000	0.000	0.000	0.000	0.000	0.000	0.000	0.000	0.000	0.000	0.000	0.000	0.000	0.000	0.000	0.000	0.000	0.000	23.279	23.309	0.000	
01.09.2023	0.000	0.000	0.000	0.000	0.000	7.397	7.409	0.000	0.000	0.000	0.000	0.000	0.000	15.445	15.496	0.000	0.000	0.000	0.000	0.000	0.000	13.994	14.012	0.000	1682516.710	92.890	1708049.164	1650444.375	150.072	15.000	13.289	5.360	0.000	0.000	0.000	0.000	0.000	0.000	0.000	0.000	0.000	0.000	0.000	0.000	0.000	0.000	0.000	0.000	0.000	0.000	0.000	0.000	0.000	23.232	23.261	0.000	
08.09.2023	0.000	0.000	0.000	0.000	0.000	7.394	7.406	0.000	0.000	0.000	0.000	0.000	0.000	15.441	15.491	0.000	0.000	0.000	0.000	0.000	0.000	13.992	14.010	0.000	1171083.799	64.447	1188802.821	1148765.166	104.193	14.936	13.229	5.333	0.000	0.000	0.000	0.000	0.000	0.000	0.000	0.000	0.000	0.000	0.000	0.000	0.000	0.000	0.000	0.000	0.000	0.000	0.000	0.000	0.000	23.219	23.248	0.000	
01.10.2023	0.000	0.000	0.000	0.000	0.000	7.354	7.366	0.000	0.000	0.000	0.000	0.000	0.000	15.416	15.465	0.000	0.000	0.000	0.000	0.000	0.000	13.971	13.989	0.000	3833694.986	210.576	3891599.670	3760641.013	340.588	14.898	13.195	5.325	0.000	0.000	0.000	0.000	0.000	0.000	0.000	0.000	0.000	0.000	0.000	0.000	0.000	0.000	0.000	0.000	0.000	0.000	0.000	0.000	0.000	23.176	23.205	0.000	
08.10.2023	0.000	0.000	0.000	0.000	0.000	7.335	7.347	0.000	0.000	0.000	0.000	0.000	0.000	15.414	15.463	0.000	0.000	0.000	0.000	0.000	0.000	13.965	13.983	0.000	1601528.101	87.705	1625650.979	1571015.664	141.950	14.838	13.133	5.250	0.000	0.000	0.000	0.000	0.000	0.000	0.000	0.000	0.000	0.000	0.000	0.000	0.000	0.000	0.000	0.000	0.000	0.000	0.000	0.000	0.000	23.163	23.192	0.000	
01.11.2023	0.000	0.000	0.000	0.000	0.000	7.256	7.267	0.000	0.000	0.000	0.000	0.000	0.000	15.392	15.440	0.000	0.000	0.000	0.000	0.000	0.000	13.931	13.949	0.000	5456820.908	297.753	5538737.473	5352879.907	482.312	14.766	13.066	5.221	0.000	0.000	0.000	0.000	0.000	0.000	0.000	0.000	0.000	0.000	0.000	0.000	0.000	0.000	0.000	0.000	0.000	0.000	0.000	0.000	0.000	23.119	23.148	0.000	
08.11.2023	0.000	0.000	0.000	0.000	0.000	7.232	7.244	0.000	0.000	0.000	0.000	0.000	0.000	15.385	15.433	0.000	0.000	0.000	0.000	0.000	0.000	13.920	13.938	0.000	1588527.091	86.596	1612352.621	1558270.757	140.303	14.747	13.048	5.219	0.000	0.000	0.000	0.000	0.000	0.000	0.000	0.000	0.000	0.000	0.000	0.000	0.000	0.000	0.000	0.000	0.000	0.000	0.000	0.000	0.000	23.106	23.135	0.000	
01.12.2023	0.000	0.000	0.000	0.000	0.000	7.159	7.170	0.000	0.000	0.000	0.000	0.000	0.000	15.357	15.404	0.000	0.000	0.000	0.000	0.000	0.000	13.883	13.901	0.000	5195785.147	282.468	5273514.699	5096837.640	457.943	14.693	12.997	5.194	0.000	0.000	0.000	0.000	0.000	0.000	0.000	0.000	0.000	0.000	0.000	0.000	0.000	0.000	0.000	0.000	0.000	0.000	0.000	0.000	0.000	23.063	23.092	0.000	
08.12.2023	0.000	0.000	0.000	0.000	0.000	7.137	7.148	0.000	0.000	0.000	0.000	0.000	0.000	15.348	15.395	0.000	0.000	0.000	0.000	0.000	0.000	13.872	13.890	0.000	1578918.156	85.768	1602520.934	1548850.998	139.075	14.677	12.982	5.190	0.000	0.000	0.000	0.000	0.000	0.000	0.000	0.000	0.000	0.000	0.000	0.000	0.000	0.000	0.000	0.000	0.000	0.000	0.000	0.000	0.000	23.049	23.079	0.000	
01.01.2024	0.000	0.000	0.000	0.000	0.000	7.065	7.076	0.000	0.000	0.000	0.000	0.000	0.000	15.315	15.362	0.000	0.000	0.000	0.000	0.000	0.000	13.832	13.850	0.000	5395320.560	292.308	5475774.051	5292593.115	474.279	14.624	12.932	5.151	0.000	0.000	0.000	0.000	0.000	0.000	0.000	0.000	0.000	0.000	0.000	0.000	0.000	0.000	0.000	0.000	0.000	0.000	0.000	0.000	0.000	23.004	23.033	0.000	
08.01.2024	0.000	0.000	0.000	0.000	0.000	7.044	7.055	0.000	727650.000	39.896	738583.407	712464.380	66.705	14.786	10.884	7.191	575783.281	29.805	583994.214	564092.969	50.353	13.721	11.209	6.681	831600.000	45.211	844039.031	815760.990	73.297	14.690	13.745	9.326	623700.000	55.461	632991.047	607217.784	90.461	14.603	14.073	9.900	0.000	0.000	0.000	0.000	0.000	0.000	0.000	0.000	0.000	0.000	0.000	0.000	0.000	22.990	23.020	0.000	
01.02.2024	0.000	0.000	0.000	0.000	0.000	6.977	6.988	0.000	2369351.109	125.445	2403541.492	2320341.441	211.205	13.954	10.102	6.605	1780182.930	91.776	1805432.617	1744087.368	155.128	13.616	11.353	6.660	5080346.189	274.661	5155946.923	4983623.020	445.870	14.581	12.856	5.298	3959979.544	343.432	4017687.457	3855554.945	556.756	14.150	13.381	7.673	0.000	0.000	0.000	0.000	0.000	0.000	0.000	0.000	0.000	0.000	0.000	0.000	0.000	22.943	22.973	0.000	
08.02.2024	0.000	0.000	0.000	0.000	0.000	6.958	6.969	0.000	673175.152	35.419	682804.864	659266.995	59.694	13.781	10.004	6.574	519785.456	26.768	527148.696	509251.695	45.251	13.592	11.322	6.631	1479747.671	79.926	1501749.563	1451577.596	129.777	14.564	12.839	5.289	1339774.523	113.174	1359204.153	1304877.110	182.402	14.053	13.178	6.436	0.000	0.000	0.000	0.000	0.000	0.000	0.000	0.000	0.000	0.000	0.000	0.000	0.000	22.930	22.959	0.000	
01.03.2024	0.000	0.000	0.000	0.000	0.000	6.900	6.910	0.000	2005070.803	104.497	2033368.467	1963728.700	176.368	13.520	9.909	6.574	1612903.883	82.839	1635681.577	1580258.092	140.086	13.532	11.285	6.631	4629887.694	249.436	4698558.708	4541758.680	405.261	14.512	12.792	5.268	4221372.999	355.757	4282254.552	4111235.473	573.106	13.942	13.080	6.301	0.000	0.000	0.000	0.000	0.000	0.000	0.000	0.000	0.000	0.000	0.000	0.000	0.000	22.886	22.916	0.000	
08.03.2024	0.000	0.000	0.000	0.000	0.000	6.881	6.892	0.000	635764.630	33.045	644704.637	622665.970	55.794	13.450	9.837	6.524	516058.472	26.482	523339.142	505617.956	44.786	13.513	11.250	6.585	1472046.873	79.243	1493863.548	1444027.818	128.772	14.496	12.776	5.253	1340927.487	112.962	1360240.684	1305924.681	181.962	13.916	13.058	6.290	0.000	0.000	0.000	0.000	0.000	0.000	0.000	0.000	0.000	0.000	0.000	0.000	0.000	22.872	22.902	0.000	
01.04.2024	0.000	0.000	0.000	0.000	0.000	6.821	6.831	0.000	2114458.999	109.345	2143979.045	2070953.569	184.746	13.314	9.793	6.524	1748545.771	89.504	1773143.785	1713213.408	151.414	13.458	11.216	6.585	5035116.715	270.332	5109548.786	4939288.380	439.581	14.443	12.723	5.200	4582425.609	385.237	4648202.552	4462731.669	620.289	13.849	12.998	6.251	0.000	0.000	0.000	0.000	0.000	0.000	0.000	0.000	0.000	0.000	0.000	0.000	0.000	22.825	22.854	0.000	
08.04.2024	0.000	0.000	0.000	0.000	0.000	6.805	6.815	0.000	560080.388	28.960	567899.427	548558.297	48.930	13.313	9.754	6.484	462032.968	23.643	468530.788	452698.658	39.998	13.453	11.193	6.546	1319933.750	70.874	1339447.298	1294812.216	115.243	14.444	12.727	5.219	1200929.231	100.968	1218168.481	1169560.234	162.576	13.850	12.998	6.264	0.000	0.000	0.000	0.000	0.000	0.000	0.000	0.000	0.000	0.000	0.000	0.000	0.000	22.810	22.840	0.000	
01.05.2024	0.000	0.000	0.000	0.000	0.000	6.759	6.769	0.000	1824259.277	94.182	1849676.358	1786750.215	159.161	13.275	9.743	6.484	1505420.350	76.897	1526548.633	1475034.593	130.118	13.414	11.169	6.546	4322902.341	231.731	4386705.209	4240630.393	376.958	14.410	12.697	5.209	3929948.983	329.904	3986256.276	3827281.520	531.041	13.813	12.965	6.262	0.000	0.000	0.000	0.000	0.000	0.000	0.000	0.000	0.000	0.000	0.000	0.000	0.000	22.765	22.794	0.000	
08.05.2024	0.000	0.000	0.000	0.000	0.000	6.745	6.756	0.000	556382.164	28.705	564127.834	544945.939	48.513	13.260	9.715	6.460	458771.089	23.420	465205.607	449514.071	39.632	13.401	11.152	6.528	1314666.471	70.435	1334059.599	1289646.570	114.593	14.399	12.686	5.202	1194991.427	100.263	1212102.143	1163771.758	161.374	13.800	12.954	6.257	0.000	0.000	0.000	0.000	0.000	0.000	0.000	0.000	0.000	0.000	0.000	0.000	0.000	22.751	22.780	0.000	
01.06.2024	0.000	0.000	0.000	0.000	0.000	6.700	6.710	0.000	1885167.887	97.055	1911341.512	1846449.953	164.073	13.209	9.699	6.460	1559060.234	79.439	1580879.682	1527632.726	134.455	13.360	11.126	6.528	4499593.780	240.606	4565841.096	4413964.556	391.635	14.359	12.647	5.163	4089437.227	342.392	4147862.519	3982600.167	550.852	13.757	12.913	6.228	0.000	0.000	0.000	0.000	0.000	0.000	0.000	0.000	0.000	0.000	0.000	0.000	0.000	22.703	22.732	0.000	
08.06.2024	0.000	0.000	0.000	0.000	0.000	6.686	6.697	0.000	552494.335	28.420	560157.818	541152.124	48.049	13.192	9.657	6.422	457079.640	23.275	463472.296	447869.045	39.397	13.347	11.099	6.490	1309839.751	70.001	1329113.516	1284913.306	113.957	14.348	12.638	5.172	1190280.615	99.627	1207275.168	1159179.229	160.274	13.744	12.902	6.234	0.000	0.000	0.000	0.000	0.000	0.000	0.000	0.000	0.000	0.000	0.000	0.000	0.000	22.689	22.718	0.000	
01.07.2024	0.000	0.000	0.000	0.000	0.000	6.644	6.654	0.000	1794763.742	92.133	1819593.589	1757948.810	155.806	13.143	9.642	6.422	1489377.147	75.707	1510164.850	1459393.153	128.170	13.309	11.075	6.490	4294936.863	229.100	4358016.409	4213207.223	373.136	14.309	12.600	5.137	3905230.416	326.185	3960871.803	3803196.774	524.531	13.704	12.863	6.204	0.000	0.000	0.000	0.000	0.000	0.000	0.000	0.000	0.000	0.000	0.000	0.000	0.000	22.643	22.673	0.000	
08.07.2024	0.000	0.000	0.000	0.000	0.000	6.631	6.641	0.000	548870.342	28.152	556456.634	537616.819	47.612	13.125	9.601	6.384	455611.724	23.145	461966.626	446442.604	39.187	13.296	11.049	6.453	1301334.055	69.376	1320435.722	1276570.916	113.009	14.297	12.595	5.181	1184109.795	98.906	1200970.742	1153161.663	159.049	13.692	12.855	6.227	0.000	0.000	0.000	0.000	0.000	0.000	0.000	0.000	0.000	0.000	0.000	0.000	0.000	22.630	22.659	0.000	
01.08.2024	0.000	0.000	0.000	0.000	0.000	6.587	6.597	0.000	1860767.122	95.247	1886419.906	1822647.832	161.126	13.077	9.586	6.384	1548933.095	78.544	1570492.728	1517791.732	133.004	13.257	11.025	6.453	4438620.456	236.178	4503648.040	4354161.125	384.904	14.258	12.562	5.188	4042556.860	337.030	4100001.536	3936897.075	541.776	13.652	12.819	6.223	0.000	0.000	0.000	0.000	0.000	0.000	0.000	0.000	0.000	0.000	0.000	0.000	0.000	22.583	22.612	0.000	
08.08.2024	0.000	0.000	0.000	0.000	0.000	6.585	6.596	0.000	191873.057	9.902	194548.885	187932.557	16.734	13.293	9.654	6.387	153399.050	7.796	155540.250	150311.597	13.199	13.310	11.066	6.471	439466.622	23.495	445933.528	431101.407	38.244	14.349	12.649	5.233	398297.213	33.190	403992.116	387924.129	53.346	13.772	12.919	6.313	0.000	0.000	0.000	0.000	0.000	0.000	0.000	0.000	0.000	0.000	0.000	0.000	0.000	22.568	22.597	0.000	
01.09.2024	0.000	0.000	0.000	0.000	0.000	6.609	6.620	0.000	694556.259	36.252	704398.326	680249.261	61.172	13.598	9.799	6.424	522441.299	26.576	529742.022	511922.213	44.989	13.332	11.106	6.525	1510485.214	81.005	1532775.045	1481724.827	131.757	14.406	12.708	5.294	1368838.573	113.608	1388506.254	1333364.255	182.458	13.868	12.994	6.383	0.000	0.000	0.000	0.000	0.000	0.000	0.000	0.000	0.000	0.000	0.000	0.000	0.000	22.522	22.551	0.000	
08.09.2024	0.000	0.000	0.000	0.000	0.000	6.609	6.619	0.000	479593.090	24.907	486346.285	469730.920	42.059	13.476	9.707	6.364	367292.428	18.647	372413.223	359904.845	31.572	13.288	11.046	6.457	1052759.608	56.284	1068249.599	1032718.468	91.617	14.346	12.651	5.253	954796.202	79.283	968446.520	929978.345	127.346	13.770	12.914	6.321	0.000	0.000	0.000	0.000	0.000	0.000	0.000	0.000	0.000	0.000	0.000	0.000	0.000	22.510	22.538	0.000	
01.10.2024	0.000	0.000	0.000	0.000	0.000	6.584	6.594	0.000	1527816.097	78.810	1549135.027	1496467.703	133.197	13.304	9.624	6.343	1203489.777	60.985	1220233.773	1179308.521	103.277	13.249	11.008	6.430	3448428.473	184.003	3499070.159	3382786.289	299.662	14.307	12.613	5.232	3124390.986	259.525	3168884.758	3042993.995	416.884	13.694	12.852	6.284	0.000	0.000	0.000	0.000	0.000	0.000	0.000	0.000	0.000	0.000	0.000	0.000	0.000	22.468	22.497	0.000	
08.10.2024	0.000	0.000	0.000	0.000	0.000	6.571	6.581	0.000	626618.810	32.134	635294.026	613788.027	54.349	13.156	9.524	6.291	505342.942	25.560	512358.548	495199.362	43.293	13.208	10.954	6.372	1439116.781	76.565	1460192.439	1411727.747	124.784	14.250	12.556	5.176	1307001.192	108.401	1325547.784	1272915.904	174.080	13.625	12.791	6.219	0.000	0.000	0.000	0.000	0.000	0.000	0.000	0.000	0.000	0.000	0.000	0.000	0.000	22.456	22.485	0.000	
01.11.2024	0.000	0.000	0.000	0.000	0.000	6.513	6.523	0.000	2058232.338	104.673	2086398.282	2016212.616	177.194	12.941	9.432	6.264	1723923.911	86.960	1747781.855	1689372.232	147.328	13.149	10.899	6.336	4906244.661	260.066	4977838.625	4812886.458	424.248	14.178	12.486	5.135	4465659.272	369.734	4528758.910	4349052.594	593.558	13.543	12.718	6.166	0.000	0.000	0.000	0.000	0.000	0.000	0.000	0.000	0.000	0.000	0.000	0.000	0.000	22.413	22.442	0.000	
08.11.2024	0.000	0.000	0.000	0.000	0.000	6.496	6.506	0.000	597750.886	30.339	605908.913	585557.231	51.369	12.891	9.388	6.235	503928.612	25.401	510896.662	493832.995	43.037	13.133	10.876	6.309	1431210.754	75.791	1452075.834	1403978.329	123.669	14.158	12.465	5.103	1302794.439	107.776	1321184.174	1268773.722	172.994	13.523	12.699	6.142	0.000	0.000	0.000	0.000	0.000	0.000	0.000	0.000	0.000	0.000	0.000	0.000	0.000	22.400	22.429	0.000	
01.12.2024	0.000	0.000	0.000	0.000	0.000	6.442	6.452	0.000	1930042.986	97.607	1956253.777	1890730.050	165.322	12.801	9.345	6.219	1646761.236	82.829	1669475.156	1613810.290	140.363	13.087	10.835	6.287	4677788.612	247.025	4745796.358	4588791.637	403.367	14.103	12.413	5.083	4265951.887	352.196	4326006.200	4154522.437	565.105	13.472	12.651	6.118	0.000	0.000	0.000	0.000	0.000	0.000	0.000	0.000	0.000	0.000	0.000	0.000	0.000	22.359	22.388	0.000	
08.12.2024	0.000	0.000	0.000	0.000	0.000	6.426	6.436	0.000	588253.766	29.715	596231.246	576278.637	50.336	12.775	9.307	6.188	502733.858	25.269	509662.694	492678.477	42.824	13.072	10.811	6.257	1420735.826	74.963	1441373.937	1393706.635	122.434	14.086	12.399	5.085	1296761.526	107.000	1315001.989	1262885.618	171.666	13.456	12.636	6.112	0.000	0.000	0.000	0.000	0.000	0.000	0.000	0.000	0.000	0.000	0.000	0.000	0.000	22.346	22.375	0.000	
01.01.2025	0.000	0.000	0.000	0.000	0.000	6.375	6.385	0.000	1988866.265	100.224	2015751.633	1948423.968	169.809	12.717	9.289	6.188	1707008.151	85.624	1730477.812	1672906.061	145.132	13.027	10.783	6.257	4854147.035	255.435	4924471.729	4761806.884	417.487	14.032	12.347	5.045	4436893.370	365.172	4499146.098	4321001.076	585.590	13.408	12.590	6.078	0.000	0.000	0.000	0.000	0.000	0.000	0.000	0.000	0.000	0.000	0.000	0.000	0.000	22.302	22.331	0.000	
08.01.2025	623700.000	25.640	630112.994	611736.768	44.938	6.786	5.587	3.310	581254.224	29.266	589103.947	569440.534	49.589	12.699	9.259	6.162	499401.609	25.034	506262.881	489428.670	42.434	13.014	10.760	6.229	1411890.313	74.235	1432328.264	1385032.897	121.357	14.016	12.333	5.056	1292244.951	106.315	1310363.407	1258486.445	170.475	13.395	12.578	6.077	623700.000	50.948	634960.258	609006.302	74.479	19.749	19.038	13.318	606651.480	46.746	618266.369	592603.844	71.123	21.923	15.420	10.427	
01.02.2025	2376234.160	97.838	2400693.507	2330617.361	171.413	6.294	4.891	2.245	1978650.174	99.497	2005299.936	1938434.121	168.608	12.650	9.244	6.162	1702778.258	85.253	1726117.390	1668776.850	144.523	12.970	10.731	6.229	4832302.809	253.674	4902071.152	4740315.881	414.871	13.964	12.283	5.021	4424578.112	363.448	4486461.834	4308944.605	582.621	13.348	12.532	6.049	5393557.231	404.608	5489972.118	5261769.496	624.768	19.413	17.356	8.475	2006267.953	152.161	2044192.243	1959239.885	233.649	21.425	15.240	10.300	
08.02.2025	670472.266	27.674	677376.119	657574.977	48.456	6.260	4.862	2.234	576783.115	28.959	584545.217	565078.263	49.080	12.635	9.210	6.130	496706.215	24.833	503509.460	486802.880	42.102	12.957	10.707	6.196	1404210.037	73.585	1424468.850	1377501.852	120.401	13.949	12.270	5.021	1287477.865	105.588	1305472.668	1253849.141	169.212	13.335	12.520	6.045	1565306.942	116.815	1593262.607	1527038.465	180.889	19.382	17.325	8.447	570505.117	42.899	581272.680	557110.959	66.191	21.365	15.203	10.271	
01.03.2025	1969089.178	81.386	1989383.467	1931182.795	142.458	6.186	4.803	2.234	1715040.858	85.971	1738074.714	1680266.438	145.723	12.599	9.199	6.130	1478181.006	73.776	1498386.524	1448739.489	125.095	12.920	10.683	6.196	4195815.763	219.388	4256215.679	4116017.081	359.182	13.905	12.230	5.004	3852685.788	315.287	3906425.039	3752070.716	505.079	13.297	12.483	6.027	4661977.741	346.292	4745038.598	4547837.761	537.566	19.302	17.257	8.447	1682059.886	125.807	1713708.407	1642476.310	194.678	21.247	15.182	10.254	
08.03.2025	653429.217	27.019	660165.985	640847.447	47.290	6.162	4.780	2.220	573579.412	28.731	581276.842	561954.939	48.703	12.585	9.168	6.103	494282.873	24.654	501034.566	484441.984	41.806	12.907	10.661	6.167	1399026.105	73.098	1419150.636	1372419.288	119.699	13.891	12.213	4.977	1284687.983	105.033	1302595.424	1251144.096	168.231	13.284	12.470	6.009	1555144.758	115.319	1582830.465	1517053.791	179.176	19.276	17.228	8.408	560017.070	41.817	570543.942	546829.391	64.766	21.211	15.148	10.233	
01.04.2025	2197183.750	90.963	2219859.718	2154853.608	159.160	6.096	4.727	2.220	1947579.085	97.387	1973658.682	1908146.248	165.105	12.546	9.156	6.103	1679465.048	83.608	1702354.091	1646067.554	141.792	12.866	10.635	6.167	4773281.718	248.782	4841772.798	4682510.911	407.661	13.842	12.168	4.962	4391069.329	358.141	4452139.134	4276438.746	573.390	13.242	12.430	5.989	5301259.818	391.265	5395401.569	5171246.333	609.403	19.194	17.154	8.386	1893125.218	140.759	1928623.175	1848470.610	218.500	21.117	15.132	10.221	
08.04.2025	582422.088	24.099	588430.220	571204.335	42.172	6.124	4.745	2.207	517265.518	25.880	524199.917	506791.853	43.874	12.566	9.133	6.073	443344.884	22.067	449386.410	434529.881	37.425	12.863	10.618	6.137	1252852.894	65.309	1270832.088	1229027.153	107.013	13.844	12.171	4.964	1152362.186	93.945	1168393.087	1122291.142	150.396	13.246	12.432	5.992	1391056.257	102.656	1415756.005	1356938.024	159.898	19.190	17.149	8.382	498533.871	37.080	507883.754	486776.101	57.549	21.124	15.118	10.214	
01.05.2025	1896402.320	78.509	1915974.763	1859868.448	137.370	6.094	4.720	2.207	1702249.337	85.171	1725079.156	1667789.960	144.389	12.574	9.135	6.073	1447188.874	71.931	1466877.616	1418440.612	122.001	12.833	10.599	6.137	4103067.281	213.554	4161854.451	4025040.670	350.068	13.813	12.142	4.956	3775375.049	307.123	3827824.498	3676907.539	491.488	13.221	12.408	5.990	4547020.853	334.453	4627620.833	4435410.256	521.825	19.134	17.101	8.382	1626227.956	120.740	1656695.993	1587848.707	187.567	21.085	15.120	10.214	
08.05.2025	575672.914	23.837	581615.548	564581.670	41.707	6.082	4.709	2.202	519373.673	25.981	526338.393	508862.077	44.045	12.571	9.122	6.060	440320.646	21.875	446307.922	431576.412	37.104	12.824	10.588	6.129	1247695.234	64.906	1265562.423	1223968.555	106.412	13.802	12.133	4.952	1148496.181	93.363	1164444.072	1118546.324	149.390	13.212	12.399	5.983	1382678.928	101.582	1407174.763	1348732.587	158.586	19.116	17.084	8.372	494576.883	36.695	503839.321	482901.933	57.025	21.071	15.107	10.207	
01.06.2025	1949406.071	80.782	1969544.649	1911836.668	141.314	6.040	4.676	2.202	1771506.404	88.524	1795234.797	1735677.601	150.087	12.551	9.116	6.060	1498583.120	74.332	1518922.582	1468853.878	126.089	12.790	10.567	6.129	4262599.394	221.337	4323526.088	4181544.394	363.061	13.766	12.099	4.939	3926720.949	318.518	3981152.007	3824355.920	509.474	13.179	12.368	5.970	4725944.262	345.925	4809513.931	4609833.248	541.044	19.055	17.026	8.341	1686396.709	124.803	1717932.699	1646552.365	194.203	21.015	15.078	10.185	
08.06.2025	567502.984	23.523	573367.068	556564.997	41.146	6.028	4.662	2.191	519027.034	25.922	525975.576	508533.992	43.951	12.541	9.086	6.031	438695.645	21.749	444646.402	429995.843	36.893	12.779	10.546	6.101	1241242.234	64.416	1258973.691	1217639.961	105.679	13.755	12.090	4.943	1144086.242	92.751	1159936.807	1114262.486	148.343	13.169	12.358	5.969	1376353.241	100.631	1400678.108	1342531.474	157.480	19.037	17.010	8.338	491471.280	36.344	500657.812	479856.348	56.576	20.998	15.065	10.177	
01.07.2025	1843026.042	76.446	1862084.844	1807495.456	133.699	5.989	4.631	2.191	1693433.189	84.466	1716068.263	1659224.283	143.225	12.513	9.077	6.031	1431126.197	70.839	1450504.004	1402774.301	120.178	12.747	10.525	6.101	4067679.553	210.712	4125679.528	3990337.268	345.862	13.718	12.055	4.919	3751811.831	303.507	3803700.461	3654042.504	485.244	13.137	12.327	5.948	4508922.573	328.504	4588466.532	4398057.089	514.979	18.979	16.954	8.308	1606951.929	118.543	1636946.383	1568944.899	184.766	20.945	15.035	10.155	
08.07.2025	559630.619	23.218	565419.453	548841.030	40.605	5.975	4.617	2.180	517238.373	25.784	524147.802	506794.123	43.722	12.502	9.048	6.005	436939.032	21.617	442851.878	428285.973	36.674	12.736	10.506	6.075	1234541.205	63.914	1252133.956	1211068.302	104.926	13.707	12.047	4.937	1139819.196	92.177	1155575.025	1110113.802	147.365	13.127	12.319	5.954	1370494.016	99.772	1394659.371	1336789.818	156.466	18.963	16.940	8.306	488700.523	36.024	497818.368	477139.263	56.170	20.929	15.021	10.147	
01.08.2025	1896107.285	78.723	1915737.160	1859543.614	137.650	5.936	4.586	2.180	1759430.368	87.589	1782891.401	1723927.846	148.539	12.470	9.039	6.005	1486946.570	73.449	1507030.878	1457528.774	124.620	12.702	10.484	6.075	4217982.244	217.954	4277973.578	4137789.419	357.999	13.669	12.012	4.921	3899478.593	314.660	3953284.367	3797884.926	502.867	13.094	12.286	5.934	4684650.667	339.839	4767098.587	4569380.934	533.859	18.903	16.883	8.274	1667693.877	122.630	1698764.140	1628211.855	191.447	20.875	14.990	10.123	
08.08.2025	195945.644	8.076	197963.131	192181.172	14.146	6.267	4.911	2.428	181030.561	9.083	183472.466	177366.097	15.394	12.678	9.111	6.018	146994.767	7.277	148986.011	144082.803	12.346	12.755	10.530	6.102	417343.725	21.668	423306.303	409405.888	35.544	13.757	12.097	4.974	384099.114	30.953	389430.904	374130.875	49.455	13.206	12.381	6.030	462334.394	33.771	470496.020	450966.123	52.874	19.000	16.977	8.328	167047.573	12.390	170175.537	163103.892	19.258	21.064	15.081	10.199	
01.09.2025	722485.828	29.675	729914.454	708638.659	52.021	6.436	5.005	2.288	657693.159	33.373	666712.767	644324.229	56.509	12.980	9.244	6.061	500311.648	24.794	507097.883	490394.857	42.060	12.779	10.575	6.161	1430039.262	74.477	1450528.448	1402831.487	122.064	13.813	12.161	5.072	1316363.507	105.556	1334722.678	1282381.843	168.517	13.295	12.454	6.120	1583751.550	115.901	1611755.364	1544840.138	181.295	19.053	17.030	8.394	581421.589	43.444	592355.596	567734.112	67.262	21.227	15.169	10.258	
08.09.2025	480239.384	19.834	485188.604	471000.344	34.724	6.191	4.786	2.191	454137.703	22.938	460328.456	444925.878	38.857	12.870	9.163	6.008	351345.652	17.379	356100.506	344389.581	29.485	12.737	10.520	6.101	998985.710	51.865	1013256.343	979983.742	85.078	13.754	12.100	5.001	919701.583	73.837	932467.246	895883.612	117.901	13.204	12.378	6.050	1103828.979	80.342	1123304.031	1076695.207	126.009	18.982	16.963	8.366	402399.305	29.901	409942.346	392905.769	46.431	21.105	15.104	10.198	
01.10.2025	1530970.912	63.374	1546774.431	1501482.212	110.891	6.084	4.704	2.191	1447463.377	72.660	1467028.229	1418181.920	123.148	12.715	9.096	5.986	1152234.695	56.900	1167797.589	1129447.484	96.543	12.701	10.483	6.074	3271472.339	169.511	3318115.167	3209252.130	278.215	13.717	12.064	4.984	3014501.007	242.259	3056196.876	2936245.198	386.901	13.139	12.323	6.006	3620196.144	262.514	3683958.377	3531172.934	412.471	18.927	16.909	8.326	1305246.034	96.428	1329630.681	1274390.147	150.184	20.978	15.041	10.154	
08.10.2025	615402.679	25.552	621774.241	603535.465	44.678	5.933	4.582	2.171	592225.122	29.567	600169.796	580274.490	50.133	12.578	9.018	5.946	482955.839	23.808	489465.237	473414.972	40.400	12.663	10.435	6.026	1363921.954	70.465	1383313.520	1337987.423	115.747	13.662	12.010	4.943	1259627.631	101.169	1276991.813	1226881.831	161.559	13.076	12.268	5.948	1513767.706	109.248	1540372.641	1476531.479	172.042	18.859	16.837	8.259	540640.467	39.721	550708.044	527837.942	62.038	20.857	14.968	10.104	
01.11.2025	2047320.227	85.172	2068571.724	2007823.752	148.857	5.827	4.496	2.161	1948958.618	96.598	1974814.483	1909743.148	163.864	12.379	8.933	5.919	1648472.291	81.066	1670624.444	1615957.955	137.575	12.609	10.383	5.991	4653460.761	239.527	4719383.062	4564998.298	393.865	13.592	11.942	4.894	4306599.483	345.519	4365738.222	4194489.499	551.674	13.005	12.203	5.889	5163174.803	370.708	5253639.286	5036079.711	585.184	18.760	16.747	8.213	1820694.286	132.832	1854459.972	1777500.366	208.184	20.705	14.908	10.054	
08.11.2025	594928.390	24.761	601107.665	583450.484	43.270	5.804	4.473	2.143	564641.226	27.942	572113.383	553286.543	47.404	12.334	8.904	5.904	480682.348	23.623	487136.601	471205.464	40.091	12.595	10.367	5.977	1356544.133	69.756	1375742.800	1330757.886	114.736	13.574	11.922	4.872	1254834.957	100.638	1272050.677	1222160.534	160.674	12.988	12.187	5.878	1507218.809	108.048	1533604.241	1470112.798	170.681	18.733	16.717	8.172	531236.676	38.695	541079.448	518628.961	60.693	20.671	14.866	10.031	
01.12.2025	1921776.650	80.061	1941767.387	1884696.827	139.879	5.751	4.430	2.143	1826675.209	90.128	1850736.787	1789987.159	152.926	12.252	8.862	5.885	1572028.035	77.108	1593086.566	1541073.993	130.872	12.552	10.329	5.954	4429630.537	227.144	4492147.420	4345442.388	373.907	13.520	11.874	4.865	4109298.247	329.076	4165535.947	4002251.145	525.269	12.942	12.144	5.854	4927785.570	351.897	5013832.114	4806404.018	556.855	18.653	16.644	8.142	1737010.022	126.091	1769128.949	1695755.600	198.099	20.597	14.812	9.990	
08.12.2025	583335.108	24.309	589405.981	572079.753	42.468	5.734	4.413	2.131	555234.498	27.371	562539.077	544087.638	46.445	12.230	8.839	5.867	478733.873	23.468	485142.287	469311.149	39.832	12.540	10.312	5.937	1347056.795	69.017	1366052.621	1321456.349	113.639	13.504	11.858	4.851	1250271.285	100.063	1267369.444	1217700.753	159.705	12.929	12.131	5.840	1498447.739	106.873	1524592.902	1461533.570	169.214	18.629	16.621	8.126	528840.246	38.349	538612.934	516277.491	60.279	20.575	14.784	9.973	
01.01.2026	1970112.367	82.168	1990644.796	1932099.049	143.522	5.688	4.376	2.131	1879879.706	92.492	1904540.208	1842174.907	156.960	12.179	8.823	5.867	1626597.440	79.590	1648321.817	1594621.043	135.098	12.499	10.286	5.937	4596689.660	234.904	4661336.621	4509337.022	387.066	13.453	11.810	4.828	4276055.066	341.581	4334397.383	4164648.677	545.020	12.886	12.090	5.810	5113594.234	363.351	5202596.796	4987570.713	576.252	18.552	16.550	8.096	1802656.291	130.357	1835914.345	1759811.454	205.173	20.515	14.752	9.948	
21.01.2026	1602113.694	66.852	1618825.188	1571201.484	116.757	5.661	4.347	2.107	1536480.296	75.501	1556604.509	1505688.541	128.132	12.151	8.783	5.833	1328512.915	64.910	1346225.402	1302422.852	110.186	12.467	10.249	5.901	3727900.178	190.189	3780228.562	3657051.579	313.538	13.416	11.782	4.855	3472292.990	277.144	3519593.270	3381796.619	442.150	12.857	12.064	5.820	4162233.683	294.936	4234546.702	4059632.502	468.315	18.496	16.498	8.070	1466172.272	105.841	1493194.967	1431314.510	166.723	20.479	14.734	9.936	
01.04.2026	5484275.687	229.117	5541692.572	5378551.865	400.042	5.554	4.258	2.097	5308559.746	260.178	5377716.499	5202207.318	441.597	12.057	8.738	5.818	4588705.485	223.484	4649512.994	4498657.996	379.403	12.359	10.172	5.886	12944433.396	657.873	13124901.376	12697950.696	1085.756	13.288	11.668	4.847	12081661.482	960.945	12245279.044	11766473.536	1532.273	12.750	11.964	5.781	14436642.456	1016.866	14685906.586	14080101.091	1618.755	18.306	16.327	8.008	5096385.640	366.336	5189956.694	4975022.192	578.193	20.340	14.624	9.860	
21.04.2026	1434754.737	59.966	1449767.699	1407077.201	104.691	5.569	4.263	2.079	1398071.026	68.438	1416301.841	1370129.312	116.164	12.073	8.714	5.787	1197220.592	58.151	1213068.928	1173807.187	98.728	12.340	10.145	5.855	3371183.959	170.847	3418142.796	3307092.849	282.208	13.271	11.649	4.816	3151777.284	249.872	3194435.335	3069680.680	398.239	12.739	11.951	5.765	3761448.598	263.734	3826328.406	3668667.272	420.650	18.276	16.302	8.011	1333861.152	95.668	1358351.727	1302119.226	151.148	20.341	14.633	9.867	
01.07.2026	4988044.633	208.705	5040377.909	4891862.383	364.274	5.498	4.206	2.079	4906701.968	239.661	4970499.520	4808772.884	406.826	12.022	8.698	5.787	4174594.773	202.012	4229574.943	4093143.697	343.005	12.249	10.087	5.855	11857417.027	598.429	12021687.587	11631840.945	989.725	13.169	11.556	4.789	11111756.119	876.926	11261434.557	10822375.964	1396.708	12.653	11.869	5.729	13215536.867	919.872	13442330.631	12889518.609	1471.543	18.123	16.162	7.958	4691225.302	335.031	4777109.791	4579503.682	530.345	20.237	14.556	9.811	
21.07.2026	1229529.146	51.400	1242403.496	1205814.483	89.731	5.550	4.234	2.043	1202627.930	58.813	1218313.807	1178630.652	99.831	12.078	8.699	5.770	1005671.944	48.622	1018911.793	986072.546	82.558	12.242	10.077	5.845	2867525.411	144.654	2907253.314	2812994.657	239.273	13.170	11.550	4.745	2681733.918	211.150	2717871.346	2611999.920	336.194	12.659	11.870	5.715	3184981.515	221.476	3239627.057	3106434.879	354.440	18.116	16.157	7.960	1136803.457	81.258	1157634.178	1109740.449	128.579	20.269	14.581	9.831	
01.10.2026	4371190.901	182.853	4417025.922	4286894.767	319.169	5.513	4.203	2.043	4321729.860	211.020	4378032.720	4235628.112	358.213	12.057	8.676	5.753	3572899.905	172.161	3619750.119	3503447.940	292.339	12.172	10.026	5.831	10241655.131	514.963	10383007.918	10046860.341	852.648	13.099	11.486	4.729	9603348.891	752.753	9732303.753	9353825.872	1197.801	12.596	11.809	5.678	11353746.395	784.408	11547806.052	11073934.848	1258.540	18.004	16.056	7.942	4062925.214	289.361	4137212.842	3966168.854	458.615	20.192	14.536	9.793	
21.10.2026	1483151.749	62.205	1498791.054	1454567.383	108.514	5.375	4.090	2.015	1488348.394	72.295	1507581.601	1458771.440	122.742	11.915	8.592	5.709	1259613.360	60.567	1276081.272	1235161.412	102.847	12.119	9.969	5.782	3596372.315	180.208	3645817.911	3527966.721	298.695	13.027	11.417	4.685	3378953.924	264.495	3424146.326	3291051.414	420.796	12.524	11.744	5.622	3992152.206	274.296	4060177.229	3893851.663	441.022	17.914	15.969	7.883	1414369.150	100.115	1440133.536	1380671.729	159.100	20.060	14.472	9.743	
01.01.2027	5193108.144	218.283	5248169.543	5093119.721	380.591	5.255	3.995	2.002	5207954.095	251.698	5274565.034	5104567.551	427.376	11.735	8.508	5.682	4479052.674	214.706	4537236.196	4392157.428	364.595	12.006	9.881	5.751	12836305.974	640.231	13011399.672	12591669.086	1062.704	12.881	11.282	4.634	12098261.863	943.934	12258999.852	11783068.760	1501.107	12.405	11.632	5.547	14257233.226	972.835	14498528.493	13905952.480	1568.164	17.717	15.788	7.800	5043655.399	354.828	5135052.134	4923332.616	565.346	19.877	14.340	9.656	
21.01.2027	1426552.021	60.085	1441698.298	1399054.057	104.712	5.227	3.955	1.951	1427904.806	68.788	1446136.077	1399667.494	116.805	11.705	8.479	5.662	1232598.900	58.922	1248583.757	1208765.480	100.057	11.977	9.853	5.731	3525044.812	175.110	3573032.465	3457980.805	291.034	12.845	11.251	4.640	3343567.012	259.997	3387917.715	3256554.647	413.284	12.376	11.603	5.521	3932407.734	266.757	3998843.804	3835745.250	430.913	17.667	15.738	7.762	1389002.901	97.301	1414144.427	1355902.033	155.306	19.837	14.323	9.643	
01.04.2027	4910062.417	207.076	4962389.301	4815494.827	360.775	5.154	3.900	1.951	4941339.670	237.463	5004104.171	4843668.851	403.232	11.615	8.435	5.646	4266822.335	203.459	4321844.130	4184341.892	345.494	11.878	9.782	5.715	12154948.056	601.614	12319265.251	11923225.803	1001.032	12.717	11.143	4.669	11607792.052	900.257	11760923.593	11305346.214	1430.559	12.279	11.511	5.485	13655602.060	921.716	13884961.209	13319682.007	1491.508	17.501	15.589	7.713	4831838.221	337.219	4918974.703	4716581.718	539.062	19.710	14.246	9.589	
21.04.2027	1291699.864	54.508	1305451.831	1266794.613	94.952	5.173	3.903	1.924	1301201.276	62.451	1317744.602	1275548.932	106.047	11.631	8.410	5.614	1113321.684	52.961	1127664.396	1091870.373	89.931	11.861	9.756	5.683	3168116.002	156.296	3210901.515	3107830.550	260.339	12.699	11.127	4.664	3033937.976	234.417	3073942.450	2955037.983	372.327	12.270	11.501	5.482	3556028.731	238.993	3615700.994	3468745.188	387.309	17.476	15.567	7.711	1264008.108	88.027	1286805.158	1233890.736	140.839	19.714	14.233	9.581	
01.07.2027	4501140.506	190.287	4549184.108	4414329.047	331.341	5.124	3.866	1.924	4561026.698	218.377	4618858.210	4471294.090	370.829	11.584	8.395	5.614	3875439.916	183.713	3925130.834	3800962.824	311.943	11.778	9.704	5.683	11108596.734	545.268	11257743.435	10897188.080	909.737	12.593	11.031	4.640	10682270.153	821.327	10822502.433	10404641.317	1303.767	12.192	11.427	5.450	12481365.515	832.894	12689801.404	12175518.054	1352.970	17.342	15.446	7.681	4438011.982	307.691	4517833.704	4332294.591	493.162	19.620	14.188	9.543	
21.07.2027	1116096.337	47.114	1127973.471	1094564.604	82.066	5.181	3.896	1.893	1119289.967	53.673	1133529.759	1097263.381	91.143	11.642	8.399	5.600	936539.480	44.386	948544.235	918544.745	75.366	11.773	9.695	5.674	2686651.728	131.892	2722723.375	2635516.745	220.042	12.593	11.026	4.604	2581277.264	198.169	2615183.755	2514268.191	314.517	12.202	11.431	5.437	3014231.027	201.189	3064562.331	2940351.857	326.790	17.339	15.441	7.669	1078052.238	74.861	1097462.814	1052371.267	119.911	19.656	14.186	9.548	
01.10.2027	3985650.810	168.416	4028119.529	3908742.830	293.288	5.157	3.877	1.893	4016444.259	192.381	4067493.724	3937497.307	326.686	11.626	8.393	5.600	3318319.645	156.812	3360698.074	3254711.894	266.250	11.709	9.655	5.674	9581119.066	468.652	9709227.802	9398756.567	782.808	12.519	10.961	4.608	9237007.605	706.053	9357953.848	8997439.260	1120.034	12.146	11.378	5.425	10750958.365	713.580	10929831.783	10487878.785	1161.154	17.240	15.353	7.653	3853639.676	266.706	3922877.183	3761856.021	427.766	19.583	14.146	9.515	
21.10.2027	1353383.203	57.545	1367903.982	1327215.476	100.070	5.030	3.774	1.866	1389670.978	66.235	1407196.402	1362433.131	112.473	11.490	8.296	5.542	1173686.485	55.350	1188633.414	1151223.720	93.975	11.660	9.595	5.615	3375789.770	164.550	3420751.051	3311537.795	275.173	12.449	10.886	4.526	3259730.652	248.753	3302242.828	3175101.771	394.535	12.076	11.312	5.345	3779744.736	249.601	3842439.506	3687415.818	406.803	17.156	15.273	7.603	1341388.216	92.289	1365399.833	1309456.997	148.358	19.459	14.084	9.467	
01.01.2028	4720945.346	201.954	4771890.797	4629436.980	350.710	4.933	3.698	1.856	4839806.893	229.464	4900275.987	4745186.154	389.631	11.329	8.239	5.516	4163051.628	195.613	4215753.065	4083552.593	332.081	11.556	9.517	5.586	11970598.018	580.084	12128756.240	11742549.881	971.971	12.306	10.755	4.498	11632199.261	884.672	11782963.917	11329872.593	1402.633	11.967	11.209	5.290	13475305.518	883.132	13697362.424	13146652.126	1442.626	16.981	15.112	7.537	4765661.594	325.612	4850537.902	4652258.471	524.784	19.290	13.984	9.401	
21.01.2028	1304912.492	56.004	1319016.258	1279563.150	97.184	4.908	3.666	1.824	1329640.972	62.914	1346225.009	1303702.379	106.825	11.299	8.212	5.494	1149099.170	53.892	1163622.945	1127202.884	91.484	11.529	9.489	5.564	3313185.911	160.078	3356868.313	3250122.936	268.495	12.268	10.715	4.447	3228298.698	244.864	3270074.256	3144458.002	388.118	11.939	11.180	5.251	3729280.823	243.452	3790626.514	3638506.384	398.142	16.934	15.063	7.486	1318019.581	89.784	1341466.351	1286687.185	144.862	19.251	13.939	9.370	
01.04.2028	4552113.662	196.038	4601531.999	4463613.827	339.926	4.838	3.614	1.824	4709503.186	222.214	4767907.054	4617718.025	377.286	11.200	8.141	5.436	4046790.639	189.318	4097665.889	3969736.372	321.347	11.436	9.416	5.527	11649185.346	560.625	11801662.938	11427045.281	941.582	12.140	10.600	4.431	11402233.082	862.465	11549018.263	11105831.770	1366.661	11.848	11.094	5.211	13132512.821	853.428	13347291.943	12812828.811	1397.480	16.782	14.928	7.455	4648544.600	315.501	4730935.081	4537997.910	509.707	19.130	13.868	9.321	
21.04.2028	1184369.432	51.035	1197212.075	1161315.928	88.482	4.856	3.613	1.790	1203055.770	56.734	1217997.913	1179652.812	96.325	11.226	8.169	5.459	1035829.014	48.356	1048840.789	1016167.810	82.072	11.422	9.406	5.523	2992213.852	143.543	3031339.863	2935258.099	241.354	12.122	10.579	4.395	2941369.273	221.763	2979220.694	2865036.754	351.291	11.842	11.084	5.188	3371778.451	218.328	3426878.355	3289905.796	357.871	16.760	14.909	7.451	1197350.249	81.102	1218574.515	1168915.542	131.119	19.134	13.860	9.316	
01.07.2028	4133473.929	178.709	4178420.127	4052886.762	309.606	4.814	3.580	1.790	4324736.430	203.328	4378272.695	4240855.341	345.188	11.169	8.047	5.366	3641358.498	169.432	3686907.239	3572444.146	287.526	11.349	9.342	5.483	10479350.716	500.258	10615600.581	10279878.525	842.583	12.022	10.490	4.384	10358875.385	778.082	10491652.872	10090109.852	1232.112	11.772	11.019	5.165	11848831.244	762.358	12041563.049	11561835.616	1251.753	16.641	14.799	7.418	4209289.263	283.894	4283701.218	4109415.475	459.657	19.046	13.811	9.276	
21.07.2028	1025559.553	44.142	1036673.222	1005611.469	76.551	4.866	3.606	1.760	1055140.338	49.690	1068242.204	1034658.794	84.362	11.222	8.074	5.389	878546.807	40.868	889534.019	861925.075	69.353	11.345	9.338	5.481	2533805.450	120.963	2566749.305	2485573.287	203.734	12.022	10.487	4.361	2502272.643	187.666	2534368.156	2437428.194	297.131	11.784	11.026	5.168	2865771.289	184.394	2912381.398	2796350.966	302.762	16.638	14.792	7.388	1022096.367	69.039	1040182.532	997837.612	111.724	19.077	13.811	9.284	
01.10.2028	3683660.087	158.611	3723614.885	3612020.601	275.038	4.852	3.595	1.760	3801841.244	179.010	3849056.963	3728071.496	303.916	11.225	8.135	5.434	3126293.233	145.191	3165269.022	3067193.085	246.367	11.291	9.323	5.508	9075433.160	432.336	9192981.539	8902525.026	728.714	11.955	10.428	4.357	8988559.640	672.270	9103542.078	8755693.528	1064.140	11.738	10.981	5.149	10255568.040	658.297	10421867.799	10007177.077	1081.549	16.561	14.726	7.394	3668725.401	247.397	3733527.477	3581634.357	400.584	19.019	13.777	9.257	
21.10.2028	1250604.104	54.383	1264288.864	1226173.706	94.095	4.721	3.491	1.736	1307410.783	61.306	1323523.954	1282093.258	104.071	11.093	8.067	5.378	1099756.723	50.952	1113430.651	1079017.857	86.448	11.245	9.263	5.449	3181010.221	150.949	3222050.187	3120429.186	254.782	11.886	10.359	4.302	3163512.346	236.111	3203814.161	3081491.292	373.674	11.666	10.914	5.078	3611239.472	230.475	3669614.346	3524051.267	379.214	16.482	14.643	7.309	1278334.201	85.672	1300821.444	1248027.911	139.010	18.887	13.702	9.202	
01.01.2029	4347898.253	190.266	4395754.726	4262727.958	328.752	4.639	3.426	1.728	4543638.023	211.914	4599172.956	4455990.658	359.662	10.949	7.954	5.291	3905719.241	180.341	3954021.377	3832251.411	305.914	11.152	9.181	5.398	11315455.085	534.011	11460344.349	11099801.514	903.122	11.755	10.236	4.250	11305878.566	841.067	11449114.414	11012519.972	1330.723	11.570	10.824	5.037	12860480.323	815.099	13067076.618	12550738.364	1343.392	16.325	14.498	7.247	4526743.060	301.231	4605995.518	4419611.221	489.899	18.736	13.594	9.127	
21.01.2029	1203542.715	52.850	1216811.776	1179910.497	91.248	4.617	3.396	1.695	1238387.525	57.646	1253504.017	1214558.566	97.829	10.926	7.977	5.307	1076221.840	49.587	1089512.882	1056036.497	84.104	11.128	9.163	5.391	3120986.816	146.866	3160871.093	3061561.997	248.642	11.720	10.201	4.211	3122954.341	231.740	3162462.720	3041982.624	366.580	11.545	10.799	5.018	3555064.855	224.378	3612079.414	3469694.398	370.170	16.284	14.458	7.226	1249199.036	82.838	1271044.691	1219688.774	134.871	18.700	13.586	9.120	
01.04.2029	4146931.102	182.624	4192864.827	4065490.626	315.115	4.555	3.350	1.695	4285659.371	199.124	4337759.354	4203245.976	337.895	10.856	7.958	5.292	3726936.393	171.344	3772742.410	3657091.465	290.572	11.045	9.104	5.372	10840375.666	508.643	10977986.444	10633531.019	862.029	11.604	10.094	4.178	10867439.286	804.123	11004263.375	10585486.048	1271.719	11.462	10.721	4.989	12351414.362	776.200	12548414.708	12055004.501	1281.792	16.148	14.336	7.197	4343052.206	287.039	4418734.739	4240459.613	467.819	18.590	13.528	9.081	
21.04.2029	1095280.639	48.253	1107395.212	1073745.403	83.253	4.574	3.349	1.663	1119131.264	51.963	1132753.206	1097652.367	88.173	10.877	7.966	5.299	969482.624	44.480	981389.058	951373.068	75.419	11.032	9.091	5.361	2824573.331	132.202	2860397.123	2770750.773	224.260	11.589	10.077	4.153	2837132.091	209.207	2872841.144	2763657.710	330.772	11.456	10.714	4.989	3219098.866	201.636	3270404.012	3142062.677	333.219	16.130	14.319	7.190	1135423.241	74.901	1155211.646	1108644.068	122.146	18.594	13.515	9.073	
01.07.2029	3855726.049	170.124	3898494.480	3779925.489	293.425	4.537	3.322	1.663	3998493.415	185.409	4047064.246	3921831.587	314.589	10.842	7.948	5.285	3414568.244	156.368	3456335.310	3350834.164	265.103	10.962	9.047	5.354	9963621.906	465.292	10089329.746	9773447.995	789.942	11.498	9.996	4.139	10039324.584	737.911	10165201.349	9779341.238	1166.421	11.390	10.649	4.951	11380060.715	710.320	11560647.247	11107925.337	1174.736	16.025	14.223	7.161	4017648.573	264.441	4087490.469	3922886.807	431.530	18.514	13.476	9.044	
21.07.2029	950444.258	41.812	960945.361	931771.449	72.162	4.588	3.347	1.637	992841.451	46.032	1004925.580	973833.951	78.104	10.876	7.838	5.205	824547.236	37.705	834630.397	809195.467	63.916	10.958	9.019	5.310	2394370.484	111.657	2424580.597	2348720.915	189.665	11.498	9.994	4.120	2412950.735	176.767	2443226.086	2350603.487	279.351	11.402	10.659	4.974	2750758.716	171.338	2794406.928	2685117.904	283.488	16.023	14.206	7.083	970985.791	63.892	987880.594	948104.071	104.272	18.543	13.463	9.038	
01.10.2029	3404610.760	149.905	3442261.963	3337701.293	258.669	4.576	3.340	1.642	3515589.341	162.884	3558360.294	3448347.847	276.359	10.869	7.934	5.276	2910474.292	132.796	2945956.999	2856397.702	225.075	10.905	9.009	5.346	8540278.610	397.260	8647651.270	8377398.354	675.436	11.437	9.941	4.124	8692044.801	633.369	8800801.206	8467847.149	1000.584	11.354	10.611	4.940	9771289.202	606.341	9925861.091	9538568.668	1003.998	15.949	14.158	7.158	3469535.517	227.635	3529787.963	3387854.900	371.824	18.483	13.452	9.028	
21.10.2029	1159303.579	51.483	1172249.849	1136456.718	88.673	4.452	3.240	1.614	1215191.131	56.123	1229872.691	1191975.782	95.205	10.748	7.867	5.226	1029177.192	46.893	1041692.629	1010072.768	79.470	10.861	8.952	5.290	3006814.609	139.561	3044477.462	2949427.743	237.480	11.373	9.876	4.066	3046409.775	221.994	3084377.363	2967684.383	350.704	11.286	10.550	4.898	3438291.135	212.538	3492514.307	3356572.311	352.196	15.876	14.081	7.079	1216144.506	79.428	1237180.758	1187540.855	129.911	18.362	13.353	8.957	
01.01.2030	4059099.225	181.144	4104695.183	3978988.715	311.677	4.381	3.188	1.604	4215162.723	193.961	4265712.438	4134781.180	328.953	10.619	7.840	5.207	3658083.766	166.247	3702343.380	3590280.287	281.678	10.773	8.890	5.270	10740881.105	496.681	10874469.792	10535545.879	846.346	11.250	9.755	3.976	10887254.780	791.029	11022217.854	10605673.226	1249.436	11.193	10.462	4.851	12299573.885	756.398	12492356.783	12007703.447	1254.657	15.731	13.937	6.962	4307416.852	279.675	4381568.409	4206270.065	458.189	18.217	13.284	8.908	
21.01.2030	1117309.264	50.037	1129880.675	1095203.214	86.030	4.362	3.160	1.574	1169635.688	53.680	1183635.226	1147408.050	91.024	10.585	7.726	5.126	1011227.424	45.847	1023445.427	992551.051	77.664	10.749	8.849	5.223	2957894.831	136.327	2994615.098	2901426.496	232.598	11.218	9.726	3.964	3008360.420	217.809	3045602.633	2930661.546	343.960	11.170	10.439	4.837	3394897.943	207.793	3448024.465	3314673.582	344.974	15.694	13.906	6.964	1187298.510	76.783	1207715.963	1159495.612	125.931	18.185	13.251	8.886	
01.04.2030	3841722.007	172.527	3885131.295	3765688.365	296.457	4.312	3.126	1.574	3981882.154	182.466	4029369.276	3906247.167	309.370	10.522	7.681	5.095	3484105.089	157.592	3526012.076	3419854.430	266.899	10.671	8.784	5.188	10237245.180	470.261	10363551.320	10041544.208	803.367	11.111	9.625	3.916	10483136.615	755.965	10612326.713	10212430.324	1193.548	11.091	10.366	4.812	11756201.503	716.413	11939200.877	11478805.625	1190.288	15.570	13.800	6.942	4122162.210	265.589	4192807.046	4025721.851	436.023	18.083	13.198	8.849	
21.04.2030	1022599.033	45.892	1034131.896	1002352.307	78.868	4.334	3.125	1.543	1059652.848	48.526	1072300.505	1039558.894	82.272	10.536	7.660	5.080	914003.745	41.293	924989.664	897178.587	69.927	10.659	8.769	5.175	2681203.175	122.991	2714259.313	2629979.821	210.227	11.099	9.616	3.928	2733886.516	196.797	2767573.184	2663356.967	310.681	11.089	10.361	4.812	3072996.927	186.977	3120801.116	3000584.379	310.737	15.556	13.786	6.937	1080254.298	69.543	1098772.666	1055005.306	114.195	18.091	13.190	8.845	
01.07.2030	3599921.642	161.763	3640630.898	3528664.744	277.927	4.303	3.104	1.543	3744618.435	171.309	3789214.732	3673642.465	290.416	10.498	7.721	5.125	3206080.777	144.570	3244472.606	3147133.424	244.772	10.593	8.743	5.195	9443413.212	432.127	9559270.635	9262783.856	739.321	11.014	9.540	3.918	9675499.109	693.901	9794288.957	9426000.432	1095.259	11.026	10.301	4.784	10844529.273	657.719	11012532.736	10589243.456	1093.646	15.461	13.710	6.949	3822511.150	245.498	3887865.335	3733192.073	403.375	18.013	13.130	8.802	
21.07.2030	891070.333	39.918	901103.527	873442.233	68.627	4.353	3.125	1.518	905693.671	41.452	916509.634	888542.800	70.276	10.546	7.722	5.124	768105.426	34.593	777301.590	754014.793	58.562	10.590	8.733	5.181	2274572.080	103.954	2302480.577	2231109.621	177.942	11.016	9.535	3.874	2325299.971	166.253	2353869.554	2265464.716	262.378	11.039	10.311	4.800	2614480.896	158.326	2654984.230	2553043.506	263.328	15.461	13.694	6.876	921781.861	59.189	937556.590	900261.541	97.258	18.040	13.148	8.817	
01.10.2030	3208936.145	143.736	3245083.749	3145476.353	247.119	4.348	3.121	1.518	3307813.112	151.306	3347296.008	3245219.977	256.504	10.537	7.631	5.058	2743440.741	123.392	2776194.255	2693149.987	208.859	10.541	8.691	5.157	8141074.403	371.557	8240655.442	7985378.673	636.345	10.962	9.491	3.889	8367881.183	596.317	8470444.524	8152722.966	940.968	10.997	10.268	4.761	9336885.419	564.418	9481126.365	9117530.254	939.008	15.397	13.646	6.904	3310849.058	212.308	3367412.927	3233556.140	348.980	17.990	13.110	8.788	
21.10.2030	1083264.533	48.958	1095582.942	1061769.146	84.014	4.240	3.040	1.498	1130008.274	51.495	1143412.522	1108687.840	87.271	10.428	7.630	5.062	964420.239	43.271	975907.739	946798.439	73.223	10.501	8.652	5.131	2848434.665	129.563	2883158.136	2793985.683	222.191	10.903	9.433	3.848	2946418.259	209.353	2982396.487	2870655.045	330.314	10.932	10.206	4.694	3262706.135	196.145	3312957.325	3186403.207	326.601	15.328	13.585	6.884	1146862.672	73.073	1166383.966	1120181.414	120.307	17.882	13.075	8.751	
01.01.2031	3807846.805	172.731	3851430.359	3732291.733	296.192	4.169	2.993	1.498	3945794.578	179.268	3992236.942	3871396.461	303.741	10.291	7.612	5.053	3431007.068	153.668	3471678.116	3368334.588	259.988	10.416	8.595	5.116	10180298.393	461.615	10303574.289	9985357.007	792.604	10.788	9.321	3.786	10500907.029	744.750	10628454.768	10230516.050	1174.978	10.841	10.124	4.685	11709953.756	700.666	11889211.531	11436568.040	1167.481	15.192	13.462	6.833	4088301.966	259.204	4157540.320	3993306.723	427.256	17.736	13.007	8.697	
01.04.2031	4668412.675	212.730	4722148.562	4575666.945	364.442	4.109	2.938	1.462	4824845.646	218.435	4881365.932	4734196.204	369.986	10.207	7.566	5.024	4218234.758	188.356	4267969.333	4141369.657	318.568	10.321	8.523	5.085	12556579.806	566.435	12707510.165	12315993.975	974.583	10.659	9.198	3.722	12997686.973	916.833	13154688.484	12663200.327	1446.211	10.745	10.031	4.632	14463923.555	859.371	14683814.437	14127654.862	1433.300	15.039	13.306	6.694	5039958.185	317.542	5124926.050	4923209.683	524.179	17.607	12.909	8.624	
01.07.2031	4344768.246	198.121	4394785.530	4258399.083	339.365	4.108	2.926	1.435	4483829.456	202.634	4536296.999	4399810.066	343.163	10.187	7.523	4.996	3856872.276	171.754	3902158.850	3786780.483	290.395	10.248	8.464	5.057	11512487.844	517.165	11650161.912	11291927.287	891.316	10.570	9.116	3.705	11967313.356	839.028	12111372.521	11659938.723	1323.261	10.685	9.972	4.615	13256611.259	783.338	13457205.259	12949594.698	1307.395	14.937	13.230	6.737	4646172.816	291.603	4724322.862	4538799.361	481.777	17.542	12.871	8.594	
01.10.2031	3858861.295	175.390	3903075.331	3782191.656	300.629	4.158	2.950	1.412	3960674.295	178.940	4007105.292	3886583.061	303.029	10.220	7.437	4.932	3301419.049	146.714	3340077.957	3241563.212	247.995	10.200	8.416	5.022	9878482.515	442.664	9996311.456	9689290.102	763.686	10.525	9.075	3.698	10317037.151	718.922	10441064.198	10052821.305	1133.690	10.662	9.945	4.598	11394113.597	671.317	11566070.377	11130763.449	1120.825	14.880	13.174	6.702	4010700.875	251.357	4078117.388	3918109.378	415.414	17.523	12.860	8.585	
01.01.2032	4612287.974	211.901	4666000.064	4520525.839	362.422	3.991	2.830	1.392	4768000.283	214.132	4823174.768	4679089.056	362.408	9.988	7.414	4.931	4128043.267	182.817	4176067.747	4053402.163	308.886	10.084	8.327	4.984	12359499.870	550.604	12505548.094	12122513.902	952.179	10.361	8.915	3.608	12966832.020	899.306	13121386.617	12634367.795	1418.041	10.512	9.807	4.523	14301587.900	834.758	14515488.330	13973138.656	1395.137	14.688	12.998	6.621	4962822.353	307.860	5045513.405	4848788.983	509.884	17.280	12.707	8.465	
01.01.2033	17096562.440	793.247	17299590.767	16756942.550	1354.073	3.803	2.666	1.309	18435282.562	819.846	18644489.878	18093856.679	1385.998	9.629	7.000	4.666	16043401.709	704.498	16226343.252	15754595.286	1188.931	9.719	7.952	4.711	47247616.993	2078.695	47791809.513	46336535.740	3613.385	9.903	8.447	3.214	48955927.028	3343.847	49527978.827	47700597.823	5272.189	10.162	9.473	4.350	54189189.093	3105.821	54978968.391	52954749.246	5199.000	14.153	12.482	6.307	18935435.177	1155.893	19245659.884	18503052.015	1920.159	16.827	12.344	8.198	
01.01.2034	15978687.048	750.746	16171747.859	15660479.674	1278.382	3.648	2.522	1.228	16949474.345	745.952	17139042.611	16639224.134	1259.340	9.351	6.855	4.595	14664878.389	636.407	14829283.662	14404521.996	1072.048	9.397	7.724	4.640	44631713.612	1936.244	45134671.993	43769430.691	3385.990	9.497	8.064	3.081	46903918.729	3130.627	47442433.488	45707904.622	4937.574	9.845	9.169	4.186	51218201.917	2864.535	51947184.322	50074804.252	4801.314	13.683	12.058	6.150	17772551.039	1061.606	18059043.757	17372774.407	1769.527	16.412	12.103	8.007	
01.01.2035	15139018.316	720.586	15324838.836	14836360.451	1223.977	3.514	2.396	1.157	21412813.662	922.626	21643352.822	21028866.272	1552.372	8.546	4.784	2.632	20120270.706	859.787	20340831.904	19769878.320	1444.333	8.945	6.389	2.683	42343080.576	1814.638	42811164.261	41523743.293	3190.361	9.119	7.708	2.947	45095348.798	2942.655	45603902.964	43951565.077	4644.972	9.511	8.852	4.030	53772779.515	2916.345	54515207.978	52606168.449	4889.349	13.105	11.330	4.928	19906637.884	1157.201	20220241.725	19467693.100	1934.972	15.851	10.825	7.213	
01.01.2036	14515061.709	698.583	14695857.742	14224122.064	1184.142	3.394	2.278	1.084	19927195.955	851.002	20138953.786	19573894.949	1429.492	8.220	4.553	2.497	18973148.099	802.867	19177920.142	18646730.439	1346.053	8.603	6.094	2.539	40084074.440	1698.214	40519801.222	39307998.978	3001.073	8.764	7.373	2.816	43288430.119	2762.315	43768763.238	42197141.637	4366.117	9.195	8.550	3.865	51313055.903	2717.555	52003414.513	50225426.115	4552.102	12.630	10.888	4.727	19013488.005	1080.880	19307694.212	18602337.166	1810.428	15.434	10.516	6.991	
01.01.2037	13948476.525	670.962	14124642.890	13671447.595	1137.472	3.284	2.171	1.022	18792288.098	796.197	18989902.732	18462807.556	1335.299	7.921	4.335	2.371	18007475.185	757.313	18199326.473	17699532.236	1267.997	8.288	5.820	2.407	38118648.976	1597.706	38527086.056	37380853.515	2837.359	8.431	7.060	2.705	41744315.442	2609.706	42200961.413	40698227.442	4131.782	8.901	8.272	3.728	49220184.507	2553.192	49866186.397	48198450.942	4270.280	12.188	10.474	4.534	18190503.589	1012.975	18467052.548	17804646.371	1698.130	15.040	10.255	6.803	
01.01.2038	13314803.232	648.831	13485024.445	13048738.048	1097.327	3.191	2.088	0.981	17649022.362	742.897	17833093.818	17342581.298	1244.170	7.644	4.142	2.270	16995981.969	710.604	17175167.045	16707383.617	1188.216	7.999	5.577	2.313	36001881.782	1499.020	36383033.014	35304054.815	2670.269	8.119	6.772	2.625	40155322.635	2462.308	40589221.990	39155303.206	3906.068	8.630	8.015	3.601	46919763.010	2388.349	47521254.899	45964990.435	3986.567	11.775	10.094	4.359	17328362.158	946.625	17587218.584	16967620.705	1587.167	14.662	10.007	6.625	
01.01.2039	12796470.120	632.996	12961863.159	12538399.559	1067.654	3.110	2.017	0.941	16688932.315	698.906	16861917.662	16401460.668	1169.152	7.386	3.953	2.166	16149928.734	671.625	16318775.126	15877729.350	1121.616	7.731	5.345	2.214	34155501.540	1416.612	34513593.315	33491975.042	2528.029	7.826	6.502	2.548	38772158.443	2336.242	39186689.724	37812308.812	3713.875	8.377	7.775	3.493	44929788.375	2248.359	45493204.337	44032534.561	3744.163	11.392	9.740	4.188	16575237.195	889.397	16818621.668	16236466.598	1490.636	14.304	9.774	6.460	
01.01.2040	12380917.579	617.709	12542344.035	12130293.874	1040.301	3.046	1.961	0.897	15795038.701	660.198	15958042.041	15523454.511	1103.913	7.143	3.782	2.080	15375197.305	636.114	15534903.862	15118211.071	1060.957	7.482	5.131	2.132	32413792.321	1339.345	32751039.839	31783355.466	2394.342	7.550	6.247	2.468	37514531.129	2219.927	37911981.343	36592311.205	3537.795	8.139	7.545	3.377	43020367.301	2116.910	43548555.732	42178351.524	3515.456	11.027	9.401	4.044	15870789.593	836.513	16099880.717	15552773.236	1400.722	13.960	9.535	6.292	
01.01.2041	12066720.764	604.701	12225361.673	11822575.693	1017.621	2.986	1.912	0.862	15030825.349	627.388	15185518.267	14772783.592	1048.714	6.916	3.612	1.989	14725327.179	606.914	14877551.522	14480740.815	1011.270	7.248	4.924	2.042	30907701.143	1272.637	31227457.997	30306371.047	2278.873	7.290	6.006	2.398	36418961.827	2118.007	36801852.054	35530146.386	3384.515	7.915	7.331	3.279	41369921.013	2005.359	41868019.135	40575104.487	3320.560	10.688	9.086	3.902	15231874.762	789.196	15448087.547	14932713.253	1319.675	13.631	9.326	6.145	
01.01.2042	11679614.285	590.991	11834388.951	11441994.208	992.897	2.930	1.866	0.829	14329530.889	597.135	14476896.536	14084360.771	997.752	6.818	3.575	1.908	14043984.018	577.854	14188691.354	13811204.989	962.427	7.028	4.730	1.960	29339711.623	1204.049	29642085.481	28769193.956	2159.501	7.045	5.771	2.294	35216415.054	2014.452	35584314.855	34363281.141	3228.261	7.704	7.128	3.180	39641654.045	1895.778	40110184.242	38892857.545	3129.864	10.364	8.783	3.768	8665647.209	443.464	8790599.421	8501471.377	740.555	13.938	13.957	0.000	
01.01.2043	11491242.355	585.224	11644104.510	11256362.698	982.132	2.903	1.836	0.796	13358326.337	555.736	13495614.110	13130576.529	928.205	6.607	3.656	1.810	13479791.398	555.291	13618422.840	13255451.400	925.140	6.823	4.539	1.864	27999132.681	1145.500	28287071.356	27455350.056	2057.553	6.815	5.561	2.247	34181273.470	1924.640	34536528.057	33359406.913	3093.546	7.506	6.937	3.093	38142763.206	1802.193	38586070.605	37433497.569	2966.709	10.066	8.506	3.646	0.000	0.000	0.000	0.000	0.000	13.727	13.745	0.000	
01.01.2044	11438778.297	583.621	11591445.921	11204994.498	979.145	2.880	1.809	0.765	12204434.033	507.369	12329923.772	11996770.728	847.270	6.432	3.663	1.734	12943499.685	533.847	13076525.057	12727351.253	889.699	6.630	4.362	1.784	26647011.689	1090.929	26920872.171	26129048.227	1958.871	6.596	5.364	2.194	33245912.464	1842.055	33590044.116	32453095.012	2970.598	7.318	6.756	3.010	36720558.574	1713.656	37140535.910	36049567.239	2811.778	9.774	8.234	3.528	0.000	0.000	0.000	0.000	0.000	13.452	13.470	0.000	
01.01.2045	11396941.227	584.152	11549751.157	11163521.307	979.290	2.848	1.776	0.735	11478394.886	477.194	11596575.083	11283234.515	796.882	6.270	3.606	1.657	12511326.326	516.575	12639960.852	12301901.338	861.152	6.447	4.197	1.704	25442477.235	1045.601	25704154.078	24946681.299	1874.007	6.389	5.176	2.136	32376709.082	1767.771	32710822.915	31610652.920	2860.030	7.141	6.586	2.928	35464807.309	1637.722	35864609.700	34826360.961	2679.156	9.504	7.983	3.425	0.000	0.000	0.000	0.000	0.000	13.176	13.193	0.000	
01.01.2046	11214020.409	578.255	11365163.892	10983576.923	968.440	2.813	1.742	0.706	10814536.614	449.626	10926114.964	10630869.736	750.854	6.114	3.533	1.586	11988472.302	495.491	12111895.007	11787469.108	826.219	6.277	4.050	1.626	24212459.006	998.771	24461978.966	23739781.072	1786.869	6.193	4.998	2.081	31359763.567	1687.572	31682690.647	30623831.300	2739.594	6.974	6.424	2.844	34075474.650	1558.789	34454636.544	33470409.902	2542.754	9.250	7.747	3.334	0.000	0.000	0.000	0.000	0.000	12.907	12.924	0.000	
01.01.2047	11012377.484	571.620	11161544.346	10785133.989	956.297	2.779	1.716	0.692	10303389.399	428.410	10410012.569	10128692.215	715.433	5.955	3.432	1.514	11544195.448	477.575	11663300.317	11350462.175	796.532	6.115	3.906	1.551	23135731.759	957.649	23374886.964	22683613.869	1710.494	6.008	4.829	2.022	30489184.018	1618.757	30802736.427	29779366.122	2636.694	6.818	6.273	2.769	32882444.971	1490.628	33243973.417	32306661.120	2424.504	9.007	7.520	3.247	0.000	0.000	0.000	0.000	0.000	12.646	12.663	0.000	
01.01.2048	10816092.536	566.005	10963288.758	10591537.631	945.668	2.747	1.691	0.679	9875048.555	410.780	9977640.954	9707846.430	686.059	5.795	3.296	1.444	11123880.169	460.606	11238975.350	10937121.391	768.401	5.963	3.776	1.484	22110621.613	918.324	22340102.850	21678335.330	1637.636	5.832	4.671	1.979	29703420.198	1555.751	30008708.541	29017694.360	2543.096	6.669	6.127	2.694	31700339.703	1424.626	32045044.186	31152965.172	2310.372	8.771	7.299	3.165	0.000	0.000	0.000	0.000	0.000	12.395	12.412	0.000	
01.01.2049	10655879.628	561.741	10801539.330	10433444.400	937.450	2.717	1.667	0.665	9619528.069	400.849	9719950.897	9456469.286	669.749	5.636	3.122	1.371	10757789.182	445.862	10869479.527	10577159.146	743.974	5.820	3.657	1.418	21237269.275	884.719	21458763.701	20822169.301	1575.486	5.665	4.519	1.935	28999594.876	1501.071	29297663.365	28335198.529	2461.662	6.527	5.989	2.629	30730694.503	1371.408	31061616.303	30205885.510	2218.581	8.550	7.092	3.087	0.000	0.000	0.000	0.000	0.000	12.152	12.168	0.000	
01.01.2050	10456687.802	555.307	10600225.930	10237181.651	925.651	2.690	1.647	0.657	9320493.384	390.357	9418332.162	9161161.722	652.992	5.484	2.943	1.301	10338982.737	429.429	10446746.333	10164911.299	716.932	5.685	3.543	1.355	20273788.427	847.083	20486415.716	19877796.029	1506.401	5.507	4.376	1.892	28206830.349	1442.640	28496931.240	27565781.481	2373.952	6.393	5.857	2.566	29656477.382	1314.162	29973105.824	29156131.797	2120.473	8.342	6.897	3.013	0.000	0.000	0.000	0.000	0.000	11.919	11.935	0.000	
01.01.2051	10292453.689	550.499	10434331.781	10075224.982	916.630	2.662	1.626	0.646	9081037.102	382.234	9176929.947	8924570.059	640.124	5.343	2.753	1.230	9985510.338	415.725	10090040.388	9816899.527	694.447	5.558	3.432	1.292	19474436.601	815.900	19679913.221	19094487.185	1449.136	5.361	4.241	1.849	27525849.634	1392.218	27809266.873	26905131.933	2298.566	6.265	5.732	2.511	28712775.930	1264.769	29017036.155	28233323.418	2036.153	8.144	6.713	2.932	0.000	0.000	0.000	0.000	0.000	11.695	11.710	0.000	